eigenvector_centrality,"[0, 7, 22, 27, 17]"
0,"[0.13432835820895522, 0.105, 0.1, 0.085, 0.07, 0.095, 0.1, 0.09, 0.135, 0.12, 0.095, 0.11, 0.115, 0.08, 0.1, 0.085, 0.09, 0.05, 0.135, 0.1, 0.145, 0.075, 0.1, 0.065, 0.1, 0.095, 0.095, 0.08, 0.09, 0.15, 0.115, 0.04, 0.095, 0.105, 0.105, 0.095, 0.14, 0.095, 0.08, 0.075, 0.1, 0.09, 0.125, 0.09, 0.105, 0.11, 0.1, 0.09, 0.09, 0.10050251256281408]"
1,"[0.13432835820895522, 0.105, 0.125, 0.085, 0.07, 0.12, 0.11, 0.125, 0.135, 0.055, 0.095, 0.065, 0.115, 0.105, 0.1, 0.085, 0.09, 0.05, 0.09, 0.1, 0.145, 0.075, 0.085, 0.1, 0.1, 0.09, 0.115, 0.08, 0.09, 0.15, 0.115, 0.04, 0.095, 0.11, 0.105, 0.095, 0.14, 0.105, 0.085, 0.075, 0.115, 0.09, 0.09, 0.09, 0.105, 0.14, 0.085, 0.09, 0.095, 0.09547738693467336]"
2,"[0.13432835820895522, 0.105, 0.115, 0.085, 0.07, 0.12, 0.11, 0.09, 0.135, 0.055, 0.095, 0.065, 0.115, 0.105, 0.1, 0.085, 0.09, 0.15, 0.135, 0.1, 0.145, 0.075, 0.085, 0.095, 0.1, 0.115, 0.095, 0.08, 0.09, 0.15, 0.115, 0.04, 0.07, 0.11, 0.105, 0.095, 0.14, 0.095, 0.085, 0.075, 0.115, 0.09, 0.09, 0.09, 0.105, 0.085, 0.085, 0.09, 0.1, 0.09547738693467336]"
3,"[0.13432835820895522, 0.105, 0.115, 0.085, 0.07, 0.12, 0.11, 0.075, 0.135, 0.055, 0.095, 0.065, 0.115, 0.105, 0.1, 0.135, 0.09, 0.15, 0.135, 0.1, 0.145, 0.075, 0.085, 0.095, 0.1, 0.115, 0.095, 0.08, 0.09, 0.15, 0.115, 0.04, 0.07, 0.11, 0.105, 0.095, 0.14, 0.095, 0.085, 0.075, 0.115, 0.09, 0.09, 0.09, 0.105, 0.085, 0.085, 0.09, 0.1, 0.09547738693467336]"
4,"[0.13432835820895522, 0.105, 0.115, 0.085, 0.07, 0.12, 0.11, 0.075, 0.135, 0.055, 0.095, 0.065, 0.115, 0.105, 0.1, 0.135, 0.09, 0.15, 0.15, 0.1, 0.145, 0.075, 0.085, 0.095, 0.1, 0.13, 0.095, 0.08, 0.09, 0.15, 0.115, 0.04, 0.07, 0.11, 0.105, 0.095, 0.14, 0.095, 0.085, 0.075, 0.115, 0.09, 0.09, 0.09, 0.105, 0.085, 0.085, 0.09, 0.1, 0.09547738693467336]"
5,"[0.13432835820895522, 0.105, 0.115, 0.085, 0.07, 0.12, 0.11, 0.075, 0.115, 0.055, 0.095, 0.065, 0.1, 0.105, 0.1, 0.135, 0.19, 0.12, 0.125, 0.1, 0.145, 0.075, 0.135, 0.1, 0.115, 0.065, 0.095, 0.08, 0.09, 0.15, 0.115, 0.04, 0.07, 0.11, 0.105, 0.105, 0.215, 0.095, 0.065, 0.08, 0.115, 0.09, 0.09, 0.115, 0.15, 0.11, 0.17, 0.09, 0.1, 0.09547738693467336]"
6,"[0.13432835820895522, 0.105, 0.115, 0.085, 0.07, 0.095, 0.11, 0.08, 0.135, 0.065, 0.095, 0.065, 0.19, 0.105, 0.1, 0.135, 0.12, 0.12, 0.135, 0.095, 0.145, 0.075, 0.085, 0.1, 0.1, 0.14, 0.095, 0.08, 0.175, 0.15, 0.115, 0.05, 0.07, 0.11, 0.105, 0.12, 0.095, 0.095, 0.085, 0.09, 0.115, 0.09, 0.09, 0.115, 0.105, 0.085, 0.09, 0.09, 0.1, 0.09547738693467336]"
7,"[0.13930348258706468, 0.105, 0.115, 0.085, 0.07, 0.12, 0.15, 0.185, 0.165, 0.105, 0.095, 0.16, 0.145, 0.105, 0.1, 0.135, 0.09, 0.205, 0.135, 0.12, 0.145, 0.075, 0.1, 0.13, 0.1, 0.125, 0.095, 0.08, 0.095, 0.15, 0.115, 0.04, 0.07, 0.11, 0.105, 0.175, 0.14, 0.095, 0.085, 0.1, 0.115, 0.09, 0.09, 0.09, 0.105, 0.085, 0.105, 0.09, 0.1, 0.09547738693467336]"
8,"[0.0845771144278607, 0.125, 0.115, 0.1, 0.105, 0.165, 0.2, 0.075, 0.095, 0.055, 0.19, 0.11, 0.13, 0.105, 0.14, 0.19, 0.09, 0.135, 0.115, 0.14, 0.145, 0.155, 0.175, 0.135, 0.15, 0.135, 0.085, 0.08, 0.13, 0.185, 0.16, 0.04, 0.13, 0.195, 0.14, 0.145, 0.205, 0.105, 0.175, 0.135, 0.115, 0.175, 0.08, 0.09, 0.075, 0.085, 0.15, 0.09, 0.1, 0.11055276381909548]"
9,"[0.12437810945273632, 0.105, 0.195, 0.085, 0.16, 0.145, 0.12, 0.135, 0.095, 0.12, 0.19, 0.085, 0.13, 0.18, 0.105, 0.145, 0.13, 0.135, 0.185, 0.095, 0.1, 0.145, 0.06, 0.15, 0.095, 0.095, 0.095, 0.14, 0.115, 0.16, 0.15, 0.155, 0.115, 0.17, 0.075, 0.07, 0.175, 0.135, 0.145, 0.115, 0.275, 0.14, 0.09, 0.135, 0.15, 0.11, 0.145, 0.135, 0.08, 0.1708542713567839]"
10,"[0.0845771144278607, 0.155, 0.165, 0.105, 0.125, 0.185, 0.095, 0.135, 0.1, 0.205, 0.145, 0.09, 0.105, 0.135, 0.125, 0.15, 0.2, 0.135, 0.115, 0.11, 0.115, 0.155, 0.09, 0.075, 0.145, 0.095, 0.08, 0.165, 0.145, 0.14, 0.085, 0.135, 0.14, 0.215, 0.12, 0.18, 0.125, 0.125, 0.145, 0.16, 0.185, 0.15, 0.08, 0.065, 0.07, 0.09, 0.095, 0.15, 0.14, 0.15577889447236182]"
11,"[0.19900497512437812, 0.165, 0.125, 0.11, 0.23, 0.27, 0.185, 0.225, 0.26, 0.12, 0.175, 0.225, 0.19, 0.215, 0.205, 0.125, 0.195, 0.215, 0.185, 0.195, 0.24, 0.18, 0.1, 0.175, 0.105, 0.26, 0.195, 0.135, 0.17, 0.13, 0.19, 0.14, 0.165, 0.27, 0.185, 0.145, 0.145, 0.19, 0.21, 0.165, 0.165, 0.17, 0.11, 0.155, 0.19, 0.145, 0.185, 0.2, 0.115, 0.17587939698492464]"
12,"[0.21890547263681592, 0.21, 0.31, 0.275, 0.18, 0.285, 0.19, 0.225, 0.135, 0.29, 0.205, 0.19, 0.22, 0.275, 0.245, 0.285, 0.26, 0.215, 0.215, 0.325, 0.175, 0.335, 0.355, 0.15, 0.29, 0.255, 0.255, 0.25, 0.205, 0.255, 0.375, 0.255, 0.2, 0.185, 0.175, 0.245, 0.195, 0.175, 0.16, 0.16, 0.205, 0.255, 0.355, 0.23, 0.16, 0.21, 0.18, 0.175, 0.285, 0.2613065326633166]"
13,"[0.3034825870646766, 0.285, 0.215, 0.295, 0.28, 0.32, 0.22, 0.32, 0.27, 0.135, 0.28, 0.35, 0.285, 0.295, 0.365, 0.27, 0.37, 0.235, 0.27, 0.4, 0.315, 0.215, 0.19, 0.385, 0.155, 0.39, 0.22, 0.185, 0.26, 0.265, 0.22, 0.25, 0.33, 0.37, 0.37, 0.24, 0.315, 0.3, 0.285, 0.275, 0.35, 0.18, 0.155, 0.33, 0.28, 0.185, 0.21, 0.275, 0.26, 0.35678391959798994]"
14,"[0.3880597014925373, 0.27, 0.325, 0.325, 0.365, 0.42, 0.27, 0.285, 0.235, 0.215, 0.32, 0.175, 0.365, 0.33, 0.275, 0.305, 0.33, 0.255, 0.345, 0.395, 0.245, 0.285, 0.34, 0.36, 0.33, 0.405, 0.295, 0.28, 0.32, 0.38, 0.3, 0.335, 0.29, 0.285, 0.28, 0.28, 0.22, 0.185, 0.205, 0.155, 0.305, 0.305, 0.215, 0.515, 0.215, 0.28, 0.255, 0.255, 0.35, 0.25125628140703515]"
15,"[0.34328358208955223, 0.33, 0.345, 0.44, 0.34, 0.28, 0.27, 0.385, 0.25, 0.13, 0.315, 0.335, 0.27, 0.215, 0.43, 0.305, 0.45, 0.235, 0.335, 0.44, 0.32, 0.235, 0.16, 0.31, 0.175, 0.445, 0.2, 0.305, 0.325, 0.31, 0.225, 0.29, 0.285, 0.4, 0.395, 0.395, 0.395, 0.325, 0.22, 0.265, 0.27, 0.265, 0.165, 0.325, 0.39, 0.285, 0.2, 0.37, 0.335, 0.40703517587939697]"
16,"[0.417910447761194, 0.315, 0.35, 0.405, 0.48, 0.46, 0.385, 0.305, 0.23, 0.245, 0.395, 0.115, 0.415, 0.345, 0.25, 0.25, 0.395, 0.265, 0.475, 0.41, 0.39, 0.325, 0.36, 0.37, 0.34, 0.495, 0.335, 0.36, 0.395, 0.41, 0.34, 0.41, 0.39, 0.32, 0.46, 0.32, 0.225, 0.21, 0.21, 0.145, 0.185, 0.355, 0.245, 0.47, 0.38, 0.34, 0.4, 0.355, 0.27, 0.23115577889447236]"
17,"[0.3383084577114428, 0.435, 0.325, 0.49, 0.37, 0.37, 0.255, 0.305, 0.35, 0.21, 0.305, 0.345, 0.285, 0.225, 0.48, 0.305, 0.425, 0.31, 0.36, 0.435, 0.385, 0.26, 0.165, 0.27, 0.235, 0.44, 0.245, 0.365, 0.395, 0.425, 0.225, 0.33, 0.31, 0.41, 0.415, 0.45, 0.4, 0.42, 0.255, 0.27, 0.305, 0.42, 0.185, 0.335, 0.43, 0.295, 0.2, 0.395, 0.42, 0.4271356783919598]"
18,"[0.44776119402985076, 0.29, 0.35, 0.43, 0.405, 0.33, 0.435, 0.21, 0.26, 0.32, 0.47, 0.12, 0.35, 0.355, 0.195, 0.285, 0.45, 0.235, 0.465, 0.375, 0.37, 0.34, 0.4, 0.405, 0.34, 0.41, 0.395, 0.375, 0.425, 0.415, 0.365, 0.465, 0.42, 0.365, 0.505, 0.355, 0.265, 0.225, 0.285, 0.19, 0.155, 0.36, 0.33, 0.43, 0.41, 0.39, 0.46, 0.35, 0.285, 0.23618090452261306]"
19,"[0.36318407960199006, 0.445, 0.33, 0.485, 0.41, 0.39, 0.285, 0.41, 0.335, 0.245, 0.345, 0.375, 0.295, 0.245, 0.425, 0.385, 0.385, 0.27, 0.38, 0.42, 0.38, 0.28, 0.22, 0.315, 0.29, 0.425, 0.25, 0.37, 0.385, 0.35, 0.245, 0.265, 0.36, 0.405, 0.39, 0.43, 0.39, 0.37, 0.365, 0.4, 0.31, 0.475, 0.22, 0.29, 0.415, 0.29, 0.23, 0.37, 0.46, 0.4120603015075377]"
20,"[0.4129353233830846, 0.28, 0.355, 0.41, 0.395, 0.29, 0.425, 0.225, 0.275, 0.325, 0.415, 0.195, 0.31, 0.385, 0.185, 0.295, 0.47, 0.245, 0.38, 0.365, 0.335, 0.33, 0.36, 0.32, 0.38, 0.38, 0.365, 0.375, 0.49, 0.415, 0.36, 0.45, 0.365, 0.38, 0.465, 0.34, 0.265, 0.24, 0.315, 0.255, 0.18, 0.38, 0.325, 0.37, 0.415, 0.4, 0.425, 0.35, 0.3, 0.24120603015075376]"
21,"[0.373134328358209, 0.44, 0.34, 0.44, 0.405, 0.365, 0.32, 0.41, 0.33, 0.215, 0.365, 0.365, 0.345, 0.225, 0.39, 0.345, 0.395, 0.26, 0.385, 0.42, 0.365, 0.26, 0.235, 0.345, 0.29, 0.37, 0.27, 0.345, 0.365, 0.28, 0.265, 0.29, 0.4, 0.39, 0.375, 0.43, 0.375, 0.335, 0.37, 0.36, 0.275, 0.48, 0.25, 0.29, 0.415, 0.35, 0.27, 0.34, 0.42, 0.3768844221105528]"
22,"[0.39303482587064675, 0.29, 0.35, 0.395, 0.275, 0.3, 0.43, 0.24, 0.305, 0.345, 0.425, 0.25, 0.33, 0.43, 0.215, 0.315, 0.485, 0.26, 0.4, 0.375, 0.315, 0.34, 0.36, 0.305, 0.38, 0.405, 0.35, 0.38, 0.5, 0.44, 0.36, 0.43, 0.39, 0.325, 0.455, 0.345, 0.28, 0.265, 0.35, 0.26, 0.21, 0.39, 0.31, 0.355, 0.425, 0.4, 0.41, 0.355, 0.31, 0.2613065326633166]"
23,"[0.3781094527363184, 0.435, 0.335, 0.46, 0.38, 0.355, 0.36, 0.41, 0.335, 0.215, 0.38, 0.355, 0.38, 0.21, 0.37, 0.335, 0.385, 0.26, 0.395, 0.42, 0.355, 0.3, 0.245, 0.37, 0.29, 0.37, 0.31, 0.345, 0.335, 0.31, 0.285, 0.29, 0.375, 0.4, 0.38, 0.43, 0.385, 0.335, 0.365, 0.365, 0.27, 0.485, 0.255, 0.295, 0.425, 0.38, 0.295, 0.34, 0.42, 0.3768844221105528]"
24,"[0.3880597014925373, 0.295, 0.345, 0.41, 0.265, 0.335, 0.43, 0.255, 0.34, 0.3, 0.42, 0.26, 0.335, 0.48, 0.305, 0.32, 0.49, 0.29, 0.41, 0.38, 0.31, 0.375, 0.365, 0.305, 0.36, 0.42, 0.35, 0.395, 0.495, 0.43, 0.355, 0.425, 0.42, 0.305, 0.46, 0.345, 0.275, 0.275, 0.38, 0.27, 0.23, 0.39, 0.33, 0.37, 0.425, 0.4, 0.42, 0.34, 0.31, 0.2663316582914573]"
25,"[0.44776119402985076, 0.435, 0.36, 0.46, 0.4, 0.36, 0.405, 0.455, 0.35, 0.235, 0.4, 0.365, 0.385, 0.215, 0.375, 0.325, 0.39, 0.46, 0.42, 0.43, 0.36, 0.315, 0.44, 0.39, 0.29, 0.405, 0.33, 0.4, 0.34, 0.31, 0.305, 0.3, 0.37, 0.395, 0.375, 0.43, 0.38, 0.34, 0.38, 0.385, 0.27, 0.495, 0.26, 0.295, 0.395, 0.37, 0.32, 0.34, 0.405, 0.3869346733668342]"
26,"[0.4626865671641791, 0.33, 0.36, 0.43, 0.28, 0.39, 0.43, 0.54, 0.34, 0.345, 0.425, 0.3, 0.36, 0.51, 0.32, 0.335, 0.485, 0.605, 0.395, 0.39, 0.33, 0.375, 0.46, 0.33, 0.385, 0.425, 0.355, 0.515, 0.5, 0.455, 0.355, 0.43, 0.43, 0.285, 0.46, 0.355, 0.27, 0.305, 0.345, 0.285, 0.3, 0.375, 0.385, 0.375, 0.43, 0.415, 0.415, 0.355, 0.3, 0.2964824120603015]"
27,"[0.5373134328358209, 0.45, 0.345, 0.475, 0.395, 0.37, 0.405, 0.57, 0.35, 0.295, 0.405, 0.4, 0.36, 0.24, 0.385, 0.34, 0.405, 0.445, 0.42, 0.42, 0.37, 0.33, 0.48, 0.425, 0.325, 0.41, 0.35, 0.605, 0.325, 0.285, 0.35, 0.32, 0.34, 0.425, 0.35, 0.42, 0.395, 0.345, 0.38, 0.405, 0.275, 0.505, 0.33, 0.335, 0.405, 0.425, 0.305, 0.34, 0.405, 0.3869346733668342]"
28,"[0.4925373134328358, 0.34, 0.37, 0.465, 0.3, 0.425, 0.445, 0.415, 0.35, 0.34, 0.42, 0.31, 0.345, 0.52, 0.36, 0.37, 0.455, 0.385, 0.375, 0.4, 0.32, 0.365, 0.335, 0.3, 0.37, 0.425, 0.375, 0.36, 0.49, 0.465, 0.36, 0.415, 0.43, 0.295, 0.465, 0.375, 0.28, 0.305, 0.395, 0.3, 0.35, 0.38, 0.35, 0.35, 0.425, 0.415, 0.41, 0.355, 0.32, 0.3015075376884422]"
29,"[0.34328358208955223, 0.445, 0.345, 0.455, 0.39, 0.37, 0.44, 0.41, 0.345, 0.365, 0.44, 0.375, 0.415, 0.26, 0.385, 0.305, 0.395, 0.44, 0.44, 0.39, 0.415, 0.345, 0.47, 0.455, 0.4, 0.425, 0.395, 0.535, 0.35, 0.28, 0.42, 0.345, 0.315, 0.46, 0.355, 0.405, 0.395, 0.34, 0.35, 0.405, 0.27, 0.505, 0.345, 0.38, 0.39, 0.46, 0.35, 0.335, 0.345, 0.3768844221105528]"
30,"[0.3482587064676617, 0.37, 0.365, 0.47, 0.325, 0.44, 0.44, 0.34, 0.395, 0.32, 0.4, 0.345, 0.33, 0.495, 0.39, 0.385, 0.435, 0.28, 0.34, 0.41, 0.335, 0.36, 0.37, 0.28, 0.35, 0.395, 0.35, 0.395, 0.485, 0.44, 0.34, 0.395, 0.415, 0.335, 0.46, 0.36, 0.28, 0.35, 0.455, 0.315, 0.4, 0.4, 0.34, 0.325, 0.42, 0.415, 0.415, 0.37, 0.355, 0.3316582914572864]"
31,"[0.373134328358209, 0.44, 0.36, 0.445, 0.37, 0.36, 0.45, 0.52, 0.345, 0.365, 0.455, 0.355, 0.45, 0.285, 0.38, 0.265, 0.405, 0.44, 0.43, 0.36, 0.415, 0.325, 0.49, 0.465, 0.405, 0.45, 0.455, 0.435, 0.35, 0.315, 0.5, 0.355, 0.345, 0.445, 0.375, 0.405, 0.4, 0.345, 0.345, 0.395, 0.27, 0.5, 0.41, 0.39, 0.39, 0.43, 0.365, 0.32, 0.335, 0.36683417085427134]"
32,"[0.3681592039800995, 0.405, 0.35, 0.475, 0.345, 0.43, 0.41, 0.45, 0.405, 0.315, 0.405, 0.36, 0.325, 0.455, 0.415, 0.425, 0.425, 0.315, 0.33, 0.395, 0.395, 0.36, 0.37, 0.27, 0.345, 0.37, 0.33, 0.375, 0.465, 0.425, 0.31, 0.41, 0.415, 0.36, 0.465, 0.365, 0.305, 0.395, 0.405, 0.315, 0.4, 0.43, 0.315, 0.33, 0.42, 0.41, 0.435, 0.395, 0.34, 0.32160804020100503]"
33,"[0.38308457711442784, 0.44, 0.39, 0.445, 0.395, 0.355, 0.45, 0.43, 0.335, 0.355, 0.475, 0.355, 0.47, 0.345, 0.38, 0.24, 0.41, 0.435, 0.435, 0.355, 0.38, 0.32, 0.49, 0.515, 0.39, 0.46, 0.49, 0.505, 0.36, 0.31, 0.52, 0.385, 0.315, 0.395, 0.38, 0.41, 0.395, 0.345, 0.32, 0.42, 0.275, 0.485, 0.395, 0.405, 0.395, 0.445, 0.385, 0.315, 0.315, 0.36180904522613067]"
34,"[0.39303482587064675, 0.4, 0.335, 0.47, 0.35, 0.42, 0.405, 0.475, 0.4, 0.31, 0.415, 0.44, 0.31, 0.445, 0.445, 0.325, 0.35, 0.41, 0.34, 0.425, 0.415, 0.36, 0.445, 0.275, 0.345, 0.35, 0.335, 0.4, 0.45, 0.41, 0.315, 0.4, 0.42, 0.355, 0.455, 0.35, 0.35, 0.435, 0.365, 0.295, 0.44, 0.445, 0.32, 0.325, 0.415, 0.36, 0.445, 0.43, 0.345, 0.3417085427135678]"
35,"[0.417910447761194, 0.44, 0.39, 0.44, 0.41, 0.355, 0.455, 0.405, 0.33, 0.37, 0.475, 0.365, 0.45, 0.39, 0.385, 0.26, 0.435, 0.51, 0.435, 0.35, 0.4, 0.34, 0.44, 0.56, 0.345, 0.44, 0.46, 0.52, 0.34, 0.33, 0.47, 0.39, 0.315, 0.375, 0.385, 0.4, 0.36, 0.35, 0.32, 0.425, 0.27, 0.485, 0.385, 0.41, 0.395, 0.44, 0.415, 0.315, 0.31, 0.37185929648241206]"
36,"[0.417910447761194, 0.43, 0.34, 0.46, 0.365, 0.375, 0.4, 0.485, 0.375, 0.36, 0.425, 0.425, 0.3, 0.44, 0.485, 0.28, 0.355, 0.33, 0.34, 0.445, 0.41, 0.37, 0.485, 0.29, 0.35, 0.375, 0.35, 0.365, 0.415, 0.4, 0.335, 0.405, 0.42, 0.345, 0.455, 0.355, 0.375, 0.495, 0.36, 0.33, 0.475, 0.46, 0.335, 0.34, 0.435, 0.42, 0.455, 0.425, 0.365, 0.3768844221105528]"
37,"[0.4079601990049751, 0.425, 0.38, 0.44, 0.425, 0.365, 0.435, 0.38, 0.32, 0.38, 0.465, 0.39, 0.46, 0.425, 0.385, 0.275, 0.435, 0.48, 0.425, 0.365, 0.425, 0.335, 0.395, 0.51, 0.355, 0.445, 0.475, 0.495, 0.38, 0.32, 0.45, 0.4, 0.315, 0.46, 0.38, 0.4, 0.365, 0.35, 0.32, 0.435, 0.285, 0.48, 0.395, 0.385, 0.405, 0.43, 0.435, 0.34, 0.33, 0.35678391959798994]"
38,"[0.39800995024875624, 0.45, 0.335, 0.44, 0.42, 0.375, 0.41, 0.495, 0.385, 0.37, 0.42, 0.405, 0.335, 0.42, 0.485, 0.34, 0.375, 0.33, 0.335, 0.445, 0.425, 0.37, 0.485, 0.3, 0.345, 0.38, 0.355, 0.385, 0.4, 0.385, 0.325, 0.405, 0.465, 0.325, 0.48, 0.345, 0.385, 0.53, 0.405, 0.33, 0.45, 0.45, 0.355, 0.35, 0.43, 0.435, 0.46, 0.445, 0.395, 0.3768844221105528]"
39,"[0.43781094527363185, 0.42, 0.405, 0.45, 0.45, 0.355, 0.41, 0.385, 0.365, 0.445, 0.435, 0.405, 0.445, 0.405, 0.39, 0.285, 0.45, 0.52, 0.385, 0.39, 0.42, 0.39, 0.39, 0.515, 0.355, 0.46, 0.47, 0.47, 0.425, 0.33, 0.395, 0.43, 0.31, 0.46, 0.415, 0.4, 0.38, 0.345, 0.32, 0.425, 0.295, 0.475, 0.38, 0.335, 0.4, 0.43, 0.43, 0.36, 0.36, 0.3417085427135678]"
40,"[0.4228855721393035, 0.465, 0.335, 0.45, 0.455, 0.305, 0.41, 0.495, 0.395, 0.37, 0.425, 0.42, 0.34, 0.385, 0.5, 0.35, 0.37, 0.385, 0.33, 0.425, 0.44, 0.38, 0.5, 0.3, 0.34, 0.37, 0.36, 0.405, 0.415, 0.38, 0.32, 0.42, 0.485, 0.345, 0.495, 0.395, 0.385, 0.53, 0.455, 0.39, 0.38, 0.43, 0.365, 0.345, 0.43, 0.455, 0.455, 0.425, 0.415, 0.3768844221105528]"
41,"[0.4577114427860697, 0.415, 0.405, 0.46, 0.455, 0.35, 0.425, 0.38, 0.37, 0.485, 0.465, 0.425, 0.455, 0.4, 0.4, 0.29, 0.455, 0.53, 0.38, 0.41, 0.415, 0.425, 0.45, 0.475, 0.395, 0.455, 0.455, 0.45, 0.45, 0.355, 0.385, 0.435, 0.3, 0.46, 0.465, 0.405, 0.44, 0.34, 0.325, 0.42, 0.3, 0.48, 0.365, 0.33, 0.44, 0.435, 0.445, 0.36, 0.335, 0.35175879396984927]"
42,"[0.373134328358209, 0.455, 0.34, 0.48, 0.44, 0.31, 0.395, 0.5, 0.38, 0.365, 0.42, 0.425, 0.365, 0.5, 0.495, 0.415, 0.365, 0.325, 0.345, 0.46, 0.455, 0.375, 0.5, 0.305, 0.34, 0.36, 0.395, 0.435, 0.395, 0.385, 0.325, 0.445, 0.49, 0.37, 0.5, 0.44, 0.395, 0.53, 0.475, 0.435, 0.375, 0.46, 0.38, 0.34, 0.435, 0.465, 0.48, 0.45, 0.46, 0.4020100502512563]"
43,"[0.44776119402985076, 0.42, 0.415, 0.455, 0.46, 0.345, 0.42, 0.45, 0.38, 0.5, 0.475, 0.43, 0.465, 0.395, 0.395, 0.285, 0.5, 0.48, 0.425, 0.41, 0.45, 0.435, 0.435, 0.495, 0.45, 0.45, 0.445, 0.42, 0.44, 0.38, 0.43, 0.485, 0.315, 0.45, 0.49, 0.42, 0.445, 0.34, 0.335, 0.435, 0.35, 0.48, 0.37, 0.375, 0.48, 0.435, 0.49, 0.365, 0.34, 0.35175879396984927]"
44,"[0.4228855721393035, 0.455, 0.35, 0.49, 0.45, 0.37, 0.39, 0.51, 0.39, 0.36, 0.42, 0.455, 0.365, 0.47, 0.5, 0.425, 0.365, 0.36, 0.33, 0.53, 0.445, 0.38, 0.515, 0.31, 0.35, 0.355, 0.395, 0.45, 0.4, 0.375, 0.32, 0.455, 0.46, 0.355, 0.49, 0.465, 0.39, 0.55, 0.48, 0.465, 0.41, 0.475, 0.37, 0.4, 0.435, 0.465, 0.47, 0.46, 0.465, 0.4321608040201005]"
45,"[0.44776119402985076, 0.405, 0.425, 0.435, 0.46, 0.33, 0.4, 0.385, 0.375, 0.485, 0.49, 0.425, 0.46, 0.385, 0.39, 0.285, 0.515, 0.54, 0.46, 0.415, 0.44, 0.445, 0.49, 0.505, 0.45, 0.455, 0.43, 0.42, 0.45, 0.395, 0.455, 0.49, 0.305, 0.43, 0.535, 0.42, 0.455, 0.35, 0.335, 0.44, 0.355, 0.48, 0.345, 0.395, 0.47, 0.435, 0.505, 0.36, 0.35, 0.37185929648241206]"
46,"[0.4129353233830846, 0.45, 0.355, 0.49, 0.465, 0.38, 0.38, 0.515, 0.38, 0.35, 0.42, 0.505, 0.37, 0.45, 0.52, 0.435, 0.36, 0.4, 0.325, 0.535, 0.45, 0.385, 0.52, 0.315, 0.34, 0.37, 0.39, 0.445, 0.39, 0.385, 0.315, 0.445, 0.43, 0.335, 0.485, 0.44, 0.385, 0.57, 0.47, 0.455, 0.425, 0.475, 0.365, 0.445, 0.435, 0.455, 0.455, 0.455, 0.465, 0.45226130653266333]"
47,"[0.48258706467661694, 0.39, 0.435, 0.435, 0.45, 0.315, 0.39, 0.36, 0.345, 0.46, 0.475, 0.415, 0.45, 0.37, 0.395, 0.285, 0.515, 0.455, 0.465, 0.42, 0.445, 0.44, 0.47, 0.53, 0.495, 0.465, 0.42, 0.425, 0.44, 0.405, 0.485, 0.49, 0.315, 0.43, 0.545, 0.415, 0.445, 0.36, 0.34, 0.435, 0.355, 0.485, 0.335, 0.395, 0.495, 0.42, 0.53, 0.36, 0.345, 0.38190954773869346]"
48,"[0.4129353233830846, 0.455, 0.345, 0.455, 0.475, 0.39, 0.38, 0.51, 0.35, 0.335, 0.41, 0.51, 0.365, 0.435, 0.51, 0.435, 0.36, 0.405, 0.325, 0.53, 0.435, 0.38, 0.47, 0.31, 0.335, 0.365, 0.385, 0.46, 0.38, 0.385, 0.31, 0.44, 0.405, 0.305, 0.48, 0.42, 0.385, 0.57, 0.47, 0.45, 0.465, 0.455, 0.37, 0.445, 0.435, 0.455, 0.455, 0.445, 0.425, 0.45226130653266333]"
49,"[0.48258706467661694, 0.41, 0.425, 0.43, 0.46, 0.355, 0.38, 0.37, 0.34, 0.46, 0.465, 0.41, 0.425, 0.355, 0.385, 0.285, 0.515, 0.45, 0.465, 0.415, 0.435, 0.425, 0.52, 0.515, 0.5, 0.45, 0.395, 0.545, 0.44, 0.4, 0.48, 0.47, 0.31, 0.43, 0.525, 0.41, 0.44, 0.355, 0.34, 0.425, 0.36, 0.48, 0.325, 0.4, 0.485, 0.395, 0.54, 0.355, 0.335, 0.36683417085427134]"
50,"[0.4129353233830846, 0.455, 0.345, 0.455, 0.475, 0.395, 0.38, 0.49, 0.345, 0.32, 0.41, 0.495, 0.36, 0.43, 0.505, 0.43, 0.35, 0.435, 0.33, 0.53, 0.425, 0.37, 0.5, 0.315, 0.325, 0.37, 0.36, 0.45, 0.375, 0.375, 0.295, 0.435, 0.38, 0.295, 0.485, 0.4, 0.395, 0.555, 0.46, 0.425, 0.47, 0.44, 0.355, 0.44, 0.435, 0.44, 0.45, 0.43, 0.425, 0.4472361809045226]"
51,"[0.5024875621890548, 0.43, 0.415, 0.435, 0.44, 0.39, 0.37, 0.54, 0.34, 0.435, 0.47, 0.41, 0.405, 0.34, 0.37, 0.285, 0.48, 0.5, 0.485, 0.41, 0.405, 0.425, 0.52, 0.5, 0.475, 0.435, 0.385, 0.555, 0.43, 0.39, 0.48, 0.435, 0.315, 0.435, 0.5, 0.415, 0.435, 0.36, 0.325, 0.42, 0.345, 0.49, 0.305, 0.405, 0.475, 0.37, 0.535, 0.36, 0.315, 0.37185929648241206]"
52,"[0.4626865671641791, 0.465, 0.345, 0.46, 0.435, 0.39, 0.365, 0.465, 0.325, 0.31, 0.41, 0.485, 0.345, 0.415, 0.51, 0.425, 0.35, 0.515, 0.32, 0.515, 0.395, 0.355, 0.525, 0.315, 0.32, 0.375, 0.36, 0.425, 0.37, 0.365, 0.295, 0.43, 0.37, 0.29, 0.485, 0.39, 0.395, 0.525, 0.44, 0.42, 0.465, 0.425, 0.35, 0.405, 0.43, 0.44, 0.445, 0.4, 0.39, 0.4321608040201005]"
53,"[0.48756218905472637, 0.445, 0.405, 0.43, 0.43, 0.425, 0.365, 0.54, 0.33, 0.43, 0.465, 0.405, 0.41, 0.32, 0.345, 0.285, 0.475, 0.525, 0.475, 0.41, 0.395, 0.405, 0.525, 0.495, 0.465, 0.42, 0.38, 0.57, 0.4, 0.38, 0.465, 0.45, 0.315, 0.405, 0.49, 0.415, 0.445, 0.36, 0.32, 0.41, 0.35, 0.475, 0.28, 0.4, 0.47, 0.345, 0.515, 0.355, 0.295, 0.39195979899497485]"
54,"[0.39303482587064675, 0.445, 0.34, 0.44, 0.415, 0.385, 0.37, 0.435, 0.32, 0.295, 0.41, 0.495, 0.335, 0.4, 0.51, 0.415, 0.35, 0.465, 0.32, 0.49, 0.395, 0.355, 0.465, 0.315, 0.315, 0.375, 0.355, 0.43, 0.37, 0.35, 0.29, 0.425, 0.365, 0.28, 0.485, 0.385, 0.38, 0.525, 0.42, 0.415, 0.45, 0.415, 0.335, 0.4, 0.425, 0.455, 0.445, 0.36, 0.38, 0.457286432160804]"
55,"[0.4626865671641791, 0.44, 0.4, 0.41, 0.425, 0.43, 0.355, 0.55, 0.315, 0.42, 0.455, 0.39, 0.42, 0.32, 0.325, 0.275, 0.475, 0.52, 0.475, 0.395, 0.375, 0.4, 0.58, 0.485, 0.45, 0.42, 0.365, 0.58, 0.415, 0.37, 0.47, 0.44, 0.315, 0.4, 0.5, 0.42, 0.425, 0.35, 0.34, 0.415, 0.34, 0.47, 0.27, 0.395, 0.445, 0.33, 0.495, 0.355, 0.295, 0.3969849246231156]"
56,"[0.4527363184079602, 0.43, 0.345, 0.435, 0.385, 0.375, 0.36, 0.43, 0.315, 0.29, 0.4, 0.465, 0.335, 0.375, 0.515, 0.41, 0.345, 0.47, 0.315, 0.475, 0.385, 0.35, 0.51, 0.315, 0.315, 0.375, 0.35, 0.39, 0.365, 0.35, 0.3, 0.41, 0.355, 0.275, 0.465, 0.375, 0.38, 0.505, 0.41, 0.405, 0.42, 0.4, 0.325, 0.385, 0.425, 0.435, 0.445, 0.345, 0.38, 0.4371859296482412]"
57,"[0.46766169154228854, 0.43, 0.385, 0.405, 0.425, 0.43, 0.34, 0.595, 0.315, 0.41, 0.45, 0.38, 0.41, 0.32, 0.32, 0.275, 0.445, 0.565, 0.47, 0.39, 0.38, 0.37, 0.515, 0.47, 0.415, 0.405, 0.345, 0.61, 0.385, 0.34, 0.455, 0.435, 0.31, 0.4, 0.495, 0.415, 0.405, 0.335, 0.34, 0.405, 0.33, 0.475, 0.27, 0.385, 0.45, 0.32, 0.47, 0.35, 0.285, 0.3969849246231156]"
58,"[0.527363184079602, 0.425, 0.34, 0.43, 0.37, 0.375, 0.36, 0.43, 0.305, 0.285, 0.385, 0.465, 0.33, 0.39, 0.515, 0.405, 0.35, 0.495, 0.315, 0.455, 0.38, 0.345, 0.505, 0.31, 0.32, 0.365, 0.36, 0.42, 0.365, 0.345, 0.295, 0.395, 0.345, 0.275, 0.465, 0.375, 0.375, 0.505, 0.375, 0.41, 0.405, 0.395, 0.33, 0.36, 0.42, 0.435, 0.44, 0.33, 0.37, 0.4120603015075377]"
59,"[0.48756218905472637, 0.415, 0.36, 0.395, 0.415, 0.415, 0.335, 0.585, 0.305, 0.4, 0.45, 0.365, 0.405, 0.315, 0.32, 0.275, 0.425, 0.57, 0.47, 0.385, 0.375, 0.36, 0.52, 0.445, 0.425, 0.38, 0.34, 0.555, 0.39, 0.34, 0.43, 0.44, 0.305, 0.39, 0.495, 0.41, 0.395, 0.33, 0.34, 0.405, 0.305, 0.455, 0.275, 0.385, 0.43, 0.315, 0.465, 0.335, 0.275, 0.38190954773869346]"
60,"[0.6069651741293532, 0.415, 0.34, 0.435, 0.36, 0.385, 0.36, 0.435, 0.295, 0.285, 0.385, 0.455, 0.335, 0.375, 0.515, 0.39, 0.345, 0.505, 0.315, 0.455, 0.37, 0.33, 0.485, 0.305, 0.31, 0.36, 0.36, 0.42, 0.365, 0.335, 0.295, 0.375, 0.345, 0.275, 0.46, 0.38, 0.36, 0.48, 0.365, 0.4, 0.375, 0.395, 0.325, 0.355, 0.41, 0.42, 0.44, 0.315, 0.375, 0.39195979899497485]"
61,"[0.472636815920398, 0.41, 0.34, 0.37, 0.415, 0.4, 0.32, 0.575, 0.295, 0.385, 0.45, 0.36, 0.41, 0.3, 0.345, 0.275, 0.415, 0.585, 0.46, 0.395, 0.375, 0.36, 0.55, 0.43, 0.41, 0.375, 0.335, 0.505, 0.375, 0.335, 0.385, 0.425, 0.31, 0.39, 0.475, 0.41, 0.385, 0.31, 0.325, 0.405, 0.3, 0.45, 0.27, 0.385, 0.42, 0.31, 0.46, 0.33, 0.27, 0.37185929648241206]"
62,"[0.5870646766169154, 0.4, 0.33, 0.445, 0.35, 0.38, 0.36, 0.435, 0.285, 0.285, 0.37, 0.44, 0.32, 0.375, 0.48, 0.36, 0.335, 0.515, 0.305, 0.435, 0.36, 0.31, 0.505, 0.305, 0.315, 0.355, 0.34, 0.4, 0.355, 0.315, 0.29, 0.375, 0.335, 0.275, 0.445, 0.36, 0.36, 0.475, 0.35, 0.39, 0.355, 0.395, 0.31, 0.335, 0.405, 0.4, 0.415, 0.31, 0.37, 0.3768844221105528]"
63,"[0.48258706467661694, 0.385, 0.325, 0.36, 0.39, 0.37, 0.315, 0.59, 0.28, 0.355, 0.44, 0.345, 0.39, 0.29, 0.35, 0.275, 0.405, 0.51, 0.435, 0.385, 0.36, 0.34, 0.54, 0.42, 0.415, 0.355, 0.31, 0.54, 0.37, 0.33, 0.38, 0.405, 0.315, 0.37, 0.455, 0.415, 0.385, 0.305, 0.31, 0.39, 0.295, 0.435, 0.27, 0.37, 0.405, 0.295, 0.435, 0.325, 0.27, 0.36683417085427134]"
64,"[0.5771144278606966, 0.385, 0.335, 0.42, 0.34, 0.375, 0.365, 0.43, 0.28, 0.285, 0.365, 0.415, 0.32, 0.37, 0.45, 0.35, 0.33, 0.525, 0.305, 0.405, 0.325, 0.31, 0.495, 0.3, 0.315, 0.355, 0.335, 0.395, 0.355, 0.315, 0.29, 0.365, 0.325, 0.275, 0.425, 0.355, 0.35, 0.435, 0.33, 0.38, 0.335, 0.38, 0.305, 0.325, 0.405, 0.4, 0.395, 0.3, 0.365, 0.35678391959798994]"
65,"[0.4975124378109453, 0.395, 0.32, 0.355, 0.375, 0.355, 0.31, 0.605, 0.265, 0.345, 0.415, 0.34, 0.34, 0.29, 0.355, 0.275, 0.375, 0.49, 0.425, 0.37, 0.36, 0.355, 0.52, 0.41, 0.4, 0.345, 0.305, 0.535, 0.38, 0.32, 0.35, 0.375, 0.32, 0.35, 0.445, 0.39, 0.395, 0.3, 0.315, 0.365, 0.255, 0.415, 0.27, 0.355, 0.41, 0.295, 0.43, 0.305, 0.27, 0.35678391959798994]"
66,"[0.5373134328358209, 0.375, 0.33, 0.415, 0.31, 0.355, 0.345, 0.415, 0.275, 0.28, 0.355, 0.405, 0.295, 0.365, 0.43, 0.32, 0.335, 0.53, 0.305, 0.4, 0.32, 0.29, 0.475, 0.3, 0.315, 0.355, 0.325, 0.435, 0.335, 0.31, 0.285, 0.355, 0.325, 0.275, 0.415, 0.355, 0.345, 0.395, 0.325, 0.375, 0.33, 0.38, 0.31, 0.32, 0.395, 0.395, 0.395, 0.295, 0.335, 0.35678391959798994]"
67,"[0.48258706467661694, 0.37, 0.315, 0.34, 0.37, 0.36, 0.31, 0.585, 0.265, 0.34, 0.405, 0.33, 0.355, 0.29, 0.34, 0.265, 0.37, 0.455, 0.405, 0.355, 0.35, 0.35, 0.515, 0.4, 0.385, 0.34, 0.295, 0.54, 0.36, 0.31, 0.34, 0.395, 0.32, 0.345, 0.435, 0.375, 0.375, 0.3, 0.315, 0.34, 0.25, 0.395, 0.265, 0.36, 0.405, 0.295, 0.415, 0.3, 0.265, 0.35175879396984927]"
68,"[0.5572139303482587, 0.34, 0.33, 0.415, 0.315, 0.345, 0.325, 0.455, 0.27, 0.28, 0.34, 0.405, 0.295, 0.36, 0.405, 0.315, 0.33, 0.55, 0.305, 0.4, 0.32, 0.29, 0.46, 0.295, 0.315, 0.35, 0.32, 0.44, 0.335, 0.3, 0.295, 0.34, 0.32, 0.275, 0.415, 0.355, 0.34, 0.4, 0.32, 0.37, 0.335, 0.38, 0.295, 0.31, 0.385, 0.375, 0.39, 0.285, 0.33, 0.3316582914572864]"
69,"[0.43283582089552236, 0.365, 0.305, 0.34, 0.365, 0.345, 0.305, 0.445, 0.265, 0.345, 0.405, 0.32, 0.35, 0.29, 0.325, 0.26, 0.37, 0.435, 0.395, 0.345, 0.35, 0.33, 0.48, 0.385, 0.375, 0.335, 0.3, 0.505, 0.36, 0.305, 0.345, 0.39, 0.32, 0.305, 0.43, 0.375, 0.36, 0.3, 0.315, 0.315, 0.25, 0.395, 0.265, 0.34, 0.4, 0.295, 0.395, 0.29, 0.27, 0.35175879396984927]"
70,"[0.5422885572139303, 0.315, 0.33, 0.41, 0.315, 0.32, 0.315, 0.46, 0.265, 0.285, 0.32, 0.4, 0.3, 0.345, 0.355, 0.325, 0.325, 0.545, 0.3, 0.395, 0.3, 0.26, 0.475, 0.295, 0.31, 0.345, 0.32, 0.435, 0.325, 0.295, 0.29, 0.32, 0.32, 0.275, 0.395, 0.345, 0.34, 0.385, 0.32, 0.36, 0.325, 0.375, 0.29, 0.305, 0.375, 0.355, 0.375, 0.28, 0.33, 0.32663316582914576]"
71,"[0.4427860696517413, 0.37, 0.3, 0.335, 0.36, 0.335, 0.305, 0.445, 0.265, 0.325, 0.375, 0.31, 0.34, 0.285, 0.315, 0.26, 0.38, 0.43, 0.39, 0.33, 0.35, 0.32, 0.52, 0.36, 0.365, 0.335, 0.285, 0.495, 0.35, 0.3, 0.345, 0.385, 0.315, 0.305, 0.415, 0.38, 0.35, 0.3, 0.315, 0.31, 0.25, 0.395, 0.27, 0.33, 0.38, 0.295, 0.395, 0.28, 0.27, 0.35175879396984927]"
72,"[0.5522388059701493, 0.305, 0.305, 0.41, 0.315, 0.315, 0.315, 0.455, 0.265, 0.285, 0.31, 0.385, 0.29, 0.34, 0.325, 0.32, 0.325, 0.605, 0.3, 0.375, 0.3, 0.25, 0.525, 0.3, 0.305, 0.34, 0.305, 0.405, 0.315, 0.29, 0.29, 0.315, 0.33, 0.27, 0.385, 0.34, 0.33, 0.38, 0.315, 0.35, 0.32, 0.36, 0.285, 0.3, 0.35, 0.35, 0.345, 0.27, 0.325, 0.32160804020100503]"
73,"[0.44776119402985076, 0.36, 0.3, 0.33, 0.335, 0.33, 0.3, 0.46, 0.265, 0.32, 0.38, 0.3, 0.335, 0.29, 0.3, 0.26, 0.38, 0.46, 0.4, 0.34, 0.33, 0.32, 0.515, 0.38, 0.365, 0.335, 0.285, 0.485, 0.36, 0.3, 0.34, 0.375, 0.32, 0.3, 0.415, 0.345, 0.335, 0.3, 0.315, 0.31, 0.25, 0.38, 0.27, 0.325, 0.375, 0.295, 0.4, 0.27, 0.27, 0.3417085427135678]"
74,"[0.5223880597014925, 0.305, 0.305, 0.405, 0.315, 0.31, 0.315, 0.44, 0.27, 0.29, 0.315, 0.385, 0.28, 0.335, 0.32, 0.31, 0.31, 0.585, 0.295, 0.38, 0.295, 0.25, 0.525, 0.3, 0.3, 0.33, 0.3, 0.405, 0.315, 0.29, 0.3, 0.315, 0.33, 0.275, 0.38, 0.33, 0.325, 0.375, 0.32, 0.34, 0.305, 0.35, 0.285, 0.3, 0.335, 0.335, 0.33, 0.285, 0.325, 0.3165829145728643]"
75,"[0.472636815920398, 0.36, 0.3, 0.335, 0.325, 0.31, 0.3, 0.455, 0.265, 0.32, 0.365, 0.295, 0.335, 0.29, 0.29, 0.26, 0.38, 0.455, 0.39, 0.33, 0.33, 0.305, 0.62, 0.37, 0.375, 0.345, 0.28, 0.58, 0.365, 0.29, 0.33, 0.385, 0.32, 0.295, 0.42, 0.33, 0.33, 0.3, 0.315, 0.31, 0.245, 0.33, 0.27, 0.32, 0.37, 0.295, 0.37, 0.255, 0.27, 0.3417085427135678]"
76,"[0.5422885572139303, 0.305, 0.295, 0.395, 0.32, 0.31, 0.315, 0.46, 0.27, 0.295, 0.3, 0.38, 0.27, 0.335, 0.3, 0.31, 0.3, 0.545, 0.295, 0.385, 0.295, 0.245, 0.515, 0.3, 0.305, 0.335, 0.295, 0.38, 0.31, 0.285, 0.305, 0.32, 0.33, 0.27, 0.365, 0.335, 0.31, 0.355, 0.32, 0.345, 0.3, 0.34, 0.275, 0.295, 0.32, 0.345, 0.325, 0.27, 0.31, 0.2964824120603015]"
77,"[0.46766169154228854, 0.365, 0.3, 0.33, 0.325, 0.305, 0.3, 0.465, 0.265, 0.32, 0.355, 0.295, 0.32, 0.29, 0.29, 0.26, 0.365, 0.42, 0.395, 0.32, 0.33, 0.315, 0.61, 0.35, 0.375, 0.345, 0.28, 0.535, 0.36, 0.295, 0.325, 0.365, 0.335, 0.29, 0.415, 0.32, 0.315, 0.3, 0.315, 0.31, 0.245, 0.325, 0.27, 0.3, 0.375, 0.295, 0.37, 0.245, 0.275, 0.32663316582914576]"
78,"[0.5373134328358209, 0.305, 0.3, 0.415, 0.315, 0.3, 0.32, 0.445, 0.27, 0.295, 0.29, 0.37, 0.27, 0.34, 0.29, 0.31, 0.28, 0.54, 0.295, 0.385, 0.3, 0.23, 0.53, 0.3, 0.305, 0.325, 0.285, 0.4, 0.3, 0.28, 0.295, 0.32, 0.33, 0.27, 0.35, 0.335, 0.3, 0.355, 0.325, 0.345, 0.3, 0.33, 0.27, 0.29, 0.315, 0.355, 0.325, 0.27, 0.29, 0.2914572864321608]"
79,"[0.4427860696517413, 0.38, 0.295, 0.325, 0.32, 0.305, 0.3, 0.48, 0.265, 0.325, 0.35, 0.29, 0.315, 0.29, 0.29, 0.26, 0.375, 0.475, 0.39, 0.315, 0.325, 0.31, 0.54, 0.355, 0.37, 0.345, 0.285, 0.49, 0.36, 0.3, 0.325, 0.365, 0.335, 0.29, 0.41, 0.32, 0.315, 0.305, 0.315, 0.31, 0.24, 0.32, 0.275, 0.3, 0.375, 0.295, 0.37, 0.245, 0.275, 0.32663316582914576]"
80,"[0.48756218905472637, 0.305, 0.305, 0.39, 0.31, 0.3, 0.33, 0.515, 0.265, 0.295, 0.29, 0.365, 0.27, 0.335, 0.29, 0.315, 0.28, 0.475, 0.295, 0.39, 0.305, 0.23, 0.55, 0.3, 0.305, 0.33, 0.305, 0.41, 0.295, 0.275, 0.295, 0.32, 0.33, 0.27, 0.34, 0.335, 0.295, 0.35, 0.335, 0.35, 0.3, 0.325, 0.275, 0.285, 0.305, 0.34, 0.305, 0.28, 0.295, 0.2814070351758794]"
81,"[0.48756218905472637, 0.375, 0.295, 0.325, 0.32, 0.31, 0.29, 0.485, 0.265, 0.325, 0.35, 0.29, 0.325, 0.285, 0.285, 0.26, 0.36, 0.485, 0.38, 0.315, 0.33, 0.32, 0.55, 0.345, 0.36, 0.34, 0.29, 0.41, 0.365, 0.33, 0.32, 0.37, 0.335, 0.29, 0.425, 0.31, 0.315, 0.305, 0.315, 0.31, 0.245, 0.315, 0.275, 0.285, 0.37, 0.295, 0.37, 0.24, 0.275, 0.32663316582914576]"
82,"[0.44776119402985076, 0.305, 0.3, 0.405, 0.315, 0.295, 0.34, 0.53, 0.275, 0.3, 0.295, 0.38, 0.27, 0.335, 0.285, 0.31, 0.28, 0.475, 0.295, 0.4, 0.31, 0.23, 0.53, 0.295, 0.3, 0.335, 0.305, 0.445, 0.295, 0.27, 0.305, 0.315, 0.33, 0.27, 0.34, 0.345, 0.29, 0.35, 0.335, 0.34, 0.305, 0.33, 0.275, 0.305, 0.305, 0.36, 0.3, 0.285, 0.3, 0.2613065326633166]"
83,"[0.4925373134328358, 0.4, 0.295, 0.325, 0.315, 0.325, 0.29, 0.55, 0.265, 0.33, 0.345, 0.29, 0.31, 0.285, 0.285, 0.255, 0.365, 0.51, 0.375, 0.305, 0.335, 0.345, 0.485, 0.34, 0.355, 0.34, 0.285, 0.41, 0.365, 0.33, 0.32, 0.38, 0.34, 0.295, 0.445, 0.305, 0.325, 0.305, 0.315, 0.305, 0.245, 0.31, 0.275, 0.28, 0.37, 0.29, 0.355, 0.245, 0.275, 0.3065326633165829]"
84,"[0.4577114427860697, 0.31, 0.305, 0.39, 0.32, 0.295, 0.335, 0.53, 0.265, 0.305, 0.295, 0.37, 0.27, 0.33, 0.285, 0.31, 0.28, 0.48, 0.295, 0.395, 0.315, 0.24, 0.5, 0.295, 0.3, 0.335, 0.315, 0.445, 0.3, 0.27, 0.305, 0.32, 0.325, 0.27, 0.34, 0.345, 0.29, 0.34, 0.335, 0.34, 0.3, 0.335, 0.275, 0.3, 0.295, 0.355, 0.295, 0.285, 0.29, 0.2562814070351759]"
85,"[0.5223880597014925, 0.4, 0.295, 0.335, 0.315, 0.33, 0.29, 0.575, 0.265, 0.335, 0.355, 0.29, 0.31, 0.285, 0.28, 0.255, 0.345, 0.495, 0.365, 0.305, 0.335, 0.335, 0.43, 0.35, 0.365, 0.335, 0.29, 0.44, 0.37, 0.34, 0.32, 0.375, 0.345, 0.295, 0.43, 0.305, 0.325, 0.3, 0.315, 0.315, 0.245, 0.295, 0.275, 0.28, 0.375, 0.29, 0.36, 0.245, 0.28, 0.3015075376884422]"
86,"[0.4228855721393035, 0.31, 0.29, 0.38, 0.325, 0.295, 0.335, 0.535, 0.265, 0.305, 0.295, 0.355, 0.275, 0.33, 0.285, 0.305, 0.28, 0.44, 0.29, 0.395, 0.315, 0.24, 0.515, 0.295, 0.3, 0.34, 0.325, 0.465, 0.3, 0.27, 0.315, 0.32, 0.325, 0.27, 0.34, 0.355, 0.29, 0.34, 0.33, 0.345, 0.315, 0.345, 0.285, 0.3, 0.3, 0.365, 0.29, 0.285, 0.295, 0.2562814070351759]"
87,"[0.5074626865671642, 0.41, 0.295, 0.33, 0.315, 0.325, 0.29, 0.565, 0.265, 0.335, 0.37, 0.29, 0.31, 0.285, 0.285, 0.255, 0.35, 0.555, 0.355, 0.305, 0.335, 0.345, 0.485, 0.35, 0.365, 0.335, 0.29, 0.44, 0.37, 0.325, 0.32, 0.395, 0.35, 0.295, 0.41, 0.31, 0.325, 0.3, 0.315, 0.315, 0.25, 0.295, 0.27, 0.275, 0.395, 0.29, 0.365, 0.24, 0.28, 0.31155778894472363]"
88,"[0.4228855721393035, 0.31, 0.31, 0.38, 0.345, 0.29, 0.33, 0.49, 0.26, 0.305, 0.295, 0.345, 0.275, 0.335, 0.29, 0.305, 0.295, 0.465, 0.29, 0.37, 0.315, 0.245, 0.45, 0.3, 0.3, 0.335, 0.33, 0.485, 0.3, 0.27, 0.32, 0.32, 0.32, 0.27, 0.34, 0.345, 0.29, 0.335, 0.335, 0.35, 0.31, 0.345, 0.29, 0.305, 0.295, 0.36, 0.29, 0.3, 0.295, 0.2562814070351759]"
89,"[0.5124378109452736, 0.415, 0.285, 0.33, 0.31, 0.33, 0.29, 0.555, 0.265, 0.33, 0.365, 0.29, 0.31, 0.285, 0.275, 0.255, 0.355, 0.52, 0.365, 0.3, 0.345, 0.345, 0.45, 0.335, 0.38, 0.335, 0.29, 0.45, 0.39, 0.33, 0.32, 0.39, 0.355, 0.295, 0.42, 0.3, 0.33, 0.3, 0.315, 0.31, 0.25, 0.295, 0.27, 0.275, 0.405, 0.29, 0.355, 0.24, 0.28, 0.32663316582914576]"
90,"[0.43283582089552236, 0.31, 0.29, 0.38, 0.35, 0.295, 0.335, 0.47, 0.26, 0.3, 0.285, 0.35, 0.275, 0.33, 0.275, 0.305, 0.295, 0.49, 0.29, 0.37, 0.315, 0.245, 0.46, 0.3, 0.3, 0.34, 0.32, 0.455, 0.3, 0.27, 0.325, 0.325, 0.32, 0.27, 0.335, 0.355, 0.29, 0.335, 0.345, 0.355, 0.325, 0.36, 0.285, 0.3, 0.295, 0.37, 0.295, 0.325, 0.29, 0.2613065326633166]"
91,"[0.4925373134328358, 0.42, 0.285, 0.325, 0.315, 0.34, 0.29, 0.545, 0.265, 0.335, 0.36, 0.29, 0.32, 0.285, 0.28, 0.265, 0.355, 0.515, 0.37, 0.3, 0.35, 0.34, 0.475, 0.335, 0.375, 0.33, 0.29, 0.465, 0.385, 0.33, 0.32, 0.385, 0.355, 0.3, 0.415, 0.3, 0.335, 0.295, 0.315, 0.31, 0.255, 0.295, 0.27, 0.275, 0.41, 0.29, 0.35, 0.24, 0.28, 0.3316582914572864]"
92,"[0.42786069651741293, 0.31, 0.295, 0.38, 0.35, 0.29, 0.335, 0.405, 0.255, 0.3, 0.285, 0.345, 0.275, 0.33, 0.275, 0.29, 0.295, 0.52, 0.285, 0.365, 0.31, 0.245, 0.49, 0.3, 0.3, 0.34, 0.32, 0.46, 0.31, 0.27, 0.33, 0.325, 0.32, 0.27, 0.34, 0.37, 0.295, 0.33, 0.345, 0.36, 0.32, 0.37, 0.29, 0.315, 0.3, 0.36, 0.3, 0.315, 0.295, 0.2613065326633166]"
93,"[0.5373134328358209, 0.425, 0.285, 0.32, 0.315, 0.34, 0.29, 0.505, 0.265, 0.335, 0.37, 0.295, 0.31, 0.29, 0.285, 0.265, 0.35, 0.41, 0.355, 0.3, 0.35, 0.335, 0.505, 0.33, 0.38, 0.33, 0.29, 0.495, 0.38, 0.325, 0.32, 0.39, 0.36, 0.305, 0.42, 0.3, 0.315, 0.295, 0.31, 0.315, 0.25, 0.29, 0.275, 0.275, 0.405, 0.29, 0.35, 0.24, 0.28, 0.3316582914572864]"
94,"[0.4427860696517413, 0.31, 0.3, 0.37, 0.36, 0.285, 0.335, 0.42, 0.26, 0.3, 0.285, 0.34, 0.27, 0.32, 0.275, 0.285, 0.29, 0.45, 0.285, 0.36, 0.31, 0.245, 0.48, 0.3, 0.3, 0.33, 0.315, 0.465, 0.31, 0.27, 0.34, 0.325, 0.31, 0.27, 0.34, 0.365, 0.295, 0.33, 0.345, 0.355, 0.335, 0.385, 0.29, 0.32, 0.3, 0.36, 0.3, 0.315, 0.295, 0.2613065326633166]"
95,"[0.5124378109452736, 0.415, 0.285, 0.32, 0.31, 0.33, 0.29, 0.525, 0.265, 0.335, 0.36, 0.295, 0.32, 0.29, 0.3, 0.26, 0.34, 0.43, 0.355, 0.3, 0.35, 0.335, 0.565, 0.33, 0.38, 0.33, 0.29, 0.455, 0.385, 0.315, 0.315, 0.39, 0.365, 0.305, 0.42, 0.29, 0.325, 0.295, 0.31, 0.32, 0.25, 0.285, 0.28, 0.275, 0.4, 0.29, 0.36, 0.24, 0.28, 0.32663316582914576]"
96,"[0.43781094527363185, 0.31, 0.3, 0.355, 0.36, 0.28, 0.335, 0.375, 0.265, 0.3, 0.285, 0.34, 0.27, 0.32, 0.275, 0.28, 0.285, 0.44, 0.285, 0.355, 0.305, 0.245, 0.46, 0.3, 0.305, 0.335, 0.315, 0.41, 0.31, 0.275, 0.345, 0.32, 0.31, 0.27, 0.335, 0.37, 0.29, 0.325, 0.335, 0.355, 0.325, 0.385, 0.295, 0.32, 0.29, 0.365, 0.305, 0.325, 0.295, 0.2613065326633166]"
97,"[0.4925373134328358, 0.41, 0.285, 0.32, 0.315, 0.325, 0.295, 0.505, 0.265, 0.335, 0.355, 0.295, 0.325, 0.29, 0.29, 0.26, 0.34, 0.495, 0.34, 0.3, 0.33, 0.335, 0.57, 0.33, 0.38, 0.33, 0.29, 0.485, 0.38, 0.315, 0.315, 0.38, 0.36, 0.305, 0.42, 0.285, 0.325, 0.3, 0.31, 0.315, 0.255, 0.285, 0.28, 0.27, 0.4, 0.29, 0.365, 0.24, 0.28, 0.32663316582914576]"
98,"[0.4527363184079602, 0.31, 0.3, 0.365, 0.365, 0.275, 0.335, 0.44, 0.26, 0.3, 0.285, 0.345, 0.265, 0.32, 0.275, 0.275, 0.29, 0.455, 0.285, 0.36, 0.3, 0.245, 0.47, 0.3, 0.31, 0.33, 0.315, 0.385, 0.31, 0.275, 0.345, 0.32, 0.315, 0.27, 0.335, 0.39, 0.29, 0.325, 0.335, 0.355, 0.325, 0.4, 0.305, 0.32, 0.29, 0.355, 0.305, 0.335, 0.295, 0.2613065326633166]"
99,"[0.4129353233830846, 0.4, 0.285, 0.32, 0.31, 0.33, 0.295, 0.5, 0.265, 0.335, 0.35, 0.295, 0.325, 0.295, 0.305, 0.26, 0.34, 0.475, 0.335, 0.3, 0.335, 0.34, 0.545, 0.33, 0.38, 0.33, 0.29, 0.515, 0.385, 0.315, 0.315, 0.38, 0.355, 0.3, 0.41, 0.285, 0.325, 0.3, 0.31, 0.315, 0.255, 0.285, 0.28, 0.27, 0.395, 0.295, 0.35, 0.24, 0.28, 0.32160804020100503]"
