eigenvector_centrality,"[89, 26, 30, 65, 59, 45, 36, 80, 2, 87, 15, 31, 55, 58, 93, 42, 64, 73, 44, 54]"
0,"[tensor(0.0228, device='cuda:0'), tensor(0.0230, device='cuda:0'), tensor(0.0230, device='cuda:0'), tensor(0.0230, device='cuda:0'), tensor(0.0230, device='cuda:0'), tensor(0.0230, device='cuda:0'), tensor(0.0230, device='cuda:0'), tensor(0.0230, device='cuda:0'), tensor(0.0230, device='cuda:0'), tensor(0.0230, device='cuda:0'), tensor(0.0230, device='cuda:0'), tensor(0.0230, device='cuda:0'), tensor(0.0230, device='cuda:0'), tensor(0.0230, device='cuda:0'), tensor(0.0230, device='cuda:0'), tensor(0.0230, device='cuda:0'), tensor(0.0230, device='cuda:0'), tensor(0.0230, device='cuda:0'), tensor(0.0230, device='cuda:0'), tensor(0.0230, device='cuda:0'), tensor(0.0230, device='cuda:0'), tensor(0.0230, device='cuda:0'), tensor(0.0230, device='cuda:0'), tensor(0.0230, device='cuda:0'), tensor(0.0230, device='cuda:0'), tensor(0.0230, device='cuda:0'), tensor(0.0230, device='cuda:0'), tensor(0.0230, device='cuda:0'), tensor(0.0230, device='cuda:0'), tensor(0.0230, device='cuda:0'), tensor(0.0230, device='cuda:0'), tensor(0.0230, device='cuda:0'), tensor(0.0230, device='cuda:0'), tensor(0.0230, device='cuda:0'), tensor(0.0230, device='cuda:0'), tensor(0.0230, device='cuda:0'), tensor(0.0230, device='cuda:0'), tensor(0.0230, device='cuda:0'), tensor(0.0230, device='cuda:0'), tensor(0.0230, device='cuda:0'), tensor(0.0230, device='cuda:0'), tensor(0.0230, device='cuda:0'), tensor(0.0230, device='cuda:0'), tensor(0.0230, device='cuda:0'), tensor(0.0230, device='cuda:0'), tensor(0.0230, device='cuda:0'), tensor(0.0230, device='cuda:0'), tensor(0.0230, device='cuda:0'), tensor(0.0230, device='cuda:0'), tensor(0.0230, device='cuda:0'), tensor(0.0230, device='cuda:0'), tensor(0.0230, device='cuda:0'), tensor(0.0230, device='cuda:0'), tensor(0.0230, device='cuda:0'), tensor(0.0230, device='cuda:0'), tensor(0.0230, device='cuda:0'), tensor(0.0230, device='cuda:0'), tensor(0.0230, device='cuda:0'), tensor(0.0230, device='cuda:0'), tensor(0.0230, device='cuda:0'), tensor(0.0230, device='cuda:0'), tensor(0.0230, device='cuda:0'), tensor(0.0230, device='cuda:0'), tensor(0.0230, device='cuda:0'), tensor(0.0230, device='cuda:0'), tensor(0.0230, device='cuda:0'), tensor(0.0230, device='cuda:0'), tensor(0.0230, device='cuda:0'), tensor(0.0230, device='cuda:0'), tensor(0.0230, device='cuda:0'), tensor(0.0230, device='cuda:0'), tensor(0.0230, device='cuda:0'), tensor(0.0230, device='cuda:0'), tensor(0.0230, device='cuda:0'), tensor(0.0230, device='cuda:0'), tensor(0.0230, device='cuda:0'), tensor(0.0230, device='cuda:0'), tensor(0.0230, device='cuda:0'), tensor(0.0230, device='cuda:0'), tensor(0.0230, device='cuda:0'), tensor(0.0230, device='cuda:0'), tensor(0.0230, device='cuda:0'), tensor(0.0230, device='cuda:0'), tensor(0.0230, device='cuda:0'), tensor(0.0230, device='cuda:0'), tensor(0.0230, device='cuda:0'), tensor(0.0230, device='cuda:0'), tensor(0.0230, device='cuda:0'), tensor(0.0230, device='cuda:0'), tensor(0.0230, device='cuda:0'), tensor(0.0230, device='cuda:0'), tensor(0.0230, device='cuda:0'), tensor(0.0230, device='cuda:0'), tensor(0.0230, device='cuda:0'), tensor(0.0230, device='cuda:0'), tensor(0.0230, device='cuda:0'), tensor(0.0230, device='cuda:0'), tensor(0.0230, device='cuda:0'), tensor(0.0230, device='cuda:0'), tensor(0.0233, device='cuda:0')]"
1,"[tensor(0.0228, device='cuda:0'), tensor(0.0230, device='cuda:0'), tensor(0.0230, device='cuda:0'), tensor(0.0230, device='cuda:0'), tensor(0.0230, device='cuda:0'), tensor(0.0230, device='cuda:0'), tensor(0.0230, device='cuda:0'), tensor(0.0230, device='cuda:0'), tensor(0.0230, device='cuda:0'), tensor(0.0230, device='cuda:0'), tensor(0.0230, device='cuda:0'), tensor(0.0230, device='cuda:0'), tensor(0.0230, device='cuda:0'), tensor(0.0230, device='cuda:0'), tensor(0.0230, device='cuda:0'), tensor(0.0230, device='cuda:0'), tensor(0.0230, device='cuda:0'), tensor(0.0230, device='cuda:0'), tensor(0.0230, device='cuda:0'), tensor(0.0230, device='cuda:0'), tensor(0.0230, device='cuda:0'), tensor(0.0230, device='cuda:0'), tensor(0.0230, device='cuda:0'), tensor(0.0230, device='cuda:0'), tensor(0.0230, device='cuda:0'), tensor(0.0230, device='cuda:0'), tensor(0.0230, device='cuda:0'), tensor(0.0230, device='cuda:0'), tensor(0.0230, device='cuda:0'), tensor(0.0230, device='cuda:0'), tensor(0.0230, device='cuda:0'), tensor(0.0230, device='cuda:0'), tensor(0.0230, device='cuda:0'), tensor(0.0230, device='cuda:0'), tensor(0.0230, device='cuda:0'), tensor(0.0230, device='cuda:0'), tensor(0.0230, device='cuda:0'), tensor(0.0230, device='cuda:0'), tensor(0.0230, device='cuda:0'), tensor(0.0230, device='cuda:0'), tensor(0.0230, device='cuda:0'), tensor(0.0230, device='cuda:0'), tensor(0.0230, device='cuda:0'), tensor(0.0230, device='cuda:0'), tensor(0.0230, device='cuda:0'), tensor(0.0230, device='cuda:0'), tensor(0.0230, device='cuda:0'), tensor(0.0230, device='cuda:0'), tensor(0.0230, device='cuda:0'), tensor(0.0230, device='cuda:0'), tensor(0.0230, device='cuda:0'), tensor(0.0230, device='cuda:0'), tensor(0.0230, device='cuda:0'), tensor(0.0230, device='cuda:0'), tensor(0.0230, device='cuda:0'), tensor(0.0230, device='cuda:0'), tensor(0.0230, device='cuda:0'), tensor(0.0230, device='cuda:0'), tensor(0.0230, device='cuda:0'), tensor(0.0230, device='cuda:0'), tensor(0.0230, device='cuda:0'), tensor(0.0230, device='cuda:0'), tensor(0.0230, device='cuda:0'), tensor(0.0230, device='cuda:0'), tensor(0.0230, device='cuda:0'), tensor(0.0230, device='cuda:0'), tensor(0.0230, device='cuda:0'), tensor(0.0230, device='cuda:0'), tensor(0.0230, device='cuda:0'), tensor(0.0230, device='cuda:0'), tensor(0.0230, device='cuda:0'), tensor(0.0230, device='cuda:0'), tensor(0.0230, device='cuda:0'), tensor(0.0230, device='cuda:0'), tensor(0.0230, device='cuda:0'), tensor(0.0230, device='cuda:0'), tensor(0.0230, device='cuda:0'), tensor(0.0230, device='cuda:0'), tensor(0.0230, device='cuda:0'), tensor(0.0230, device='cuda:0'), tensor(0.0230, device='cuda:0'), tensor(0.0230, device='cuda:0'), tensor(0.0230, device='cuda:0'), tensor(0.0230, device='cuda:0'), tensor(0.0230, device='cuda:0'), tensor(0.0230, device='cuda:0'), tensor(0.0230, device='cuda:0'), tensor(0.0230, device='cuda:0'), tensor(0.0230, device='cuda:0'), tensor(0.0230, device='cuda:0'), tensor(0.0230, device='cuda:0'), tensor(0.0230, device='cuda:0'), tensor(0.0230, device='cuda:0'), tensor(0.0230, device='cuda:0'), tensor(0.0230, device='cuda:0'), tensor(0.0230, device='cuda:0'), tensor(0.0230, device='cuda:0'), tensor(0.0230, device='cuda:0'), tensor(0.0230, device='cuda:0'), tensor(0.0233, device='cuda:0')]"
2,"[tensor(0.0228, device='cuda:0'), tensor(0.0230, device='cuda:0'), tensor(0.0230, device='cuda:0'), tensor(0.0230, device='cuda:0'), tensor(0.0230, device='cuda:0'), tensor(0.0230, device='cuda:0'), tensor(0.0230, device='cuda:0'), tensor(0.0230, device='cuda:0'), tensor(0.0230, device='cuda:0'), tensor(0.0230, device='cuda:0'), tensor(0.0230, device='cuda:0'), tensor(0.0230, device='cuda:0'), tensor(0.0230, device='cuda:0'), tensor(0.0230, device='cuda:0'), tensor(0.0230, device='cuda:0'), tensor(0.0230, device='cuda:0'), tensor(0.0230, device='cuda:0'), tensor(0.0230, device='cuda:0'), tensor(0.0230, device='cuda:0'), tensor(0.0230, device='cuda:0'), tensor(0.0230, device='cuda:0'), tensor(0.0230, device='cuda:0'), tensor(0.0230, device='cuda:0'), tensor(0.0230, device='cuda:0'), tensor(0.0230, device='cuda:0'), tensor(0.0230, device='cuda:0'), tensor(0.0230, device='cuda:0'), tensor(0.0230, device='cuda:0'), tensor(0.0230, device='cuda:0'), tensor(0.0230, device='cuda:0'), tensor(0.0230, device='cuda:0'), tensor(0.0230, device='cuda:0'), tensor(0.0230, device='cuda:0'), tensor(0.0230, device='cuda:0'), tensor(0.0230, device='cuda:0'), tensor(0.0230, device='cuda:0'), tensor(0.0230, device='cuda:0'), tensor(0.0230, device='cuda:0'), tensor(0.0230, device='cuda:0'), tensor(0.0230, device='cuda:0'), tensor(0.0230, device='cuda:0'), tensor(0.0230, device='cuda:0'), tensor(0.0230, device='cuda:0'), tensor(0.0230, device='cuda:0'), tensor(0.0230, device='cuda:0'), tensor(0.0230, device='cuda:0'), tensor(0.0230, device='cuda:0'), tensor(0.0230, device='cuda:0'), tensor(0.0230, device='cuda:0'), tensor(0.0230, device='cuda:0'), tensor(0.0230, device='cuda:0'), tensor(0.0230, device='cuda:0'), tensor(0.0230, device='cuda:0'), tensor(0.0230, device='cuda:0'), tensor(0.0230, device='cuda:0'), tensor(0.0230, device='cuda:0'), tensor(0.0230, device='cuda:0'), tensor(0.0230, device='cuda:0'), tensor(0.0230, device='cuda:0'), tensor(0.0230, device='cuda:0'), tensor(0.0230, device='cuda:0'), tensor(0.0230, device='cuda:0'), tensor(0.0230, device='cuda:0'), tensor(0.0230, device='cuda:0'), tensor(0.0230, device='cuda:0'), tensor(0.0230, device='cuda:0'), tensor(0.0230, device='cuda:0'), tensor(0.0230, device='cuda:0'), tensor(0.0230, device='cuda:0'), tensor(0.0230, device='cuda:0'), tensor(0.0230, device='cuda:0'), tensor(0.0230, device='cuda:0'), tensor(0.0230, device='cuda:0'), tensor(0.0230, device='cuda:0'), tensor(0.0230, device='cuda:0'), tensor(0.0230, device='cuda:0'), tensor(0.0230, device='cuda:0'), tensor(0.0230, device='cuda:0'), tensor(0.0230, device='cuda:0'), tensor(0.0230, device='cuda:0'), tensor(0.0230, device='cuda:0'), tensor(0.0230, device='cuda:0'), tensor(0.0230, device='cuda:0'), tensor(0.0230, device='cuda:0'), tensor(0.0230, device='cuda:0'), tensor(0.0230, device='cuda:0'), tensor(0.0230, device='cuda:0'), tensor(0.0230, device='cuda:0'), tensor(0.0230, device='cuda:0'), tensor(0.0230, device='cuda:0'), tensor(0.0230, device='cuda:0'), tensor(0.0230, device='cuda:0'), tensor(0.0230, device='cuda:0'), tensor(0.0230, device='cuda:0'), tensor(0.0230, device='cuda:0'), tensor(0.0230, device='cuda:0'), tensor(0.0230, device='cuda:0'), tensor(0.0230, device='cuda:0'), tensor(0.0230, device='cuda:0'), tensor(0.0233, device='cuda:0')]"
3,"[tensor(0.0228, device='cuda:0'), tensor(0.0230, device='cuda:0'), tensor(0.0230, device='cuda:0'), tensor(0.0230, device='cuda:0'), tensor(0.0230, device='cuda:0'), tensor(0.0230, device='cuda:0'), tensor(0.0230, device='cuda:0'), tensor(0.0230, device='cuda:0'), tensor(0.0230, device='cuda:0'), tensor(0.0230, device='cuda:0'), tensor(0.0230, device='cuda:0'), tensor(0.0230, device='cuda:0'), tensor(0.0230, device='cuda:0'), tensor(0.0230, device='cuda:0'), tensor(0.0230, device='cuda:0'), tensor(0.0230, device='cuda:0'), tensor(0.0230, device='cuda:0'), tensor(0.0230, device='cuda:0'), tensor(0.0230, device='cuda:0'), tensor(0.0230, device='cuda:0'), tensor(0.0230, device='cuda:0'), tensor(0.0230, device='cuda:0'), tensor(0.0230, device='cuda:0'), tensor(0.0230, device='cuda:0'), tensor(0.0230, device='cuda:0'), tensor(0.0230, device='cuda:0'), tensor(0.0230, device='cuda:0'), tensor(0.0230, device='cuda:0'), tensor(0.0230, device='cuda:0'), tensor(0.0230, device='cuda:0'), tensor(0.0230, device='cuda:0'), tensor(0.0230, device='cuda:0'), tensor(0.0230, device='cuda:0'), tensor(0.0230, device='cuda:0'), tensor(0.0230, device='cuda:0'), tensor(0.0230, device='cuda:0'), tensor(0.0230, device='cuda:0'), tensor(0.0230, device='cuda:0'), tensor(0.0230, device='cuda:0'), tensor(0.0230, device='cuda:0'), tensor(0.0230, device='cuda:0'), tensor(0.0230, device='cuda:0'), tensor(0.0230, device='cuda:0'), tensor(0.0230, device='cuda:0'), tensor(0.0230, device='cuda:0'), tensor(0.0230, device='cuda:0'), tensor(0.0230, device='cuda:0'), tensor(0.0230, device='cuda:0'), tensor(0.0230, device='cuda:0'), tensor(0.0230, device='cuda:0'), tensor(0.0230, device='cuda:0'), tensor(0.0230, device='cuda:0'), tensor(0.0230, device='cuda:0'), tensor(0.0230, device='cuda:0'), tensor(0.0230, device='cuda:0'), tensor(0.0230, device='cuda:0'), tensor(0.0230, device='cuda:0'), tensor(0.0230, device='cuda:0'), tensor(0.0230, device='cuda:0'), tensor(0.0230, device='cuda:0'), tensor(0.0230, device='cuda:0'), tensor(0.0230, device='cuda:0'), tensor(0.0230, device='cuda:0'), tensor(0.0230, device='cuda:0'), tensor(0.0230, device='cuda:0'), tensor(0.0230, device='cuda:0'), tensor(0.0230, device='cuda:0'), tensor(0.0230, device='cuda:0'), tensor(0.0230, device='cuda:0'), tensor(0.0230, device='cuda:0'), tensor(0.0230, device='cuda:0'), tensor(0.0230, device='cuda:0'), tensor(0.0230, device='cuda:0'), tensor(0.0230, device='cuda:0'), tensor(0.0230, device='cuda:0'), tensor(0.0230, device='cuda:0'), tensor(0.0230, device='cuda:0'), tensor(0.0230, device='cuda:0'), tensor(0.0230, device='cuda:0'), tensor(0.0230, device='cuda:0'), tensor(0.0230, device='cuda:0'), tensor(0.0230, device='cuda:0'), tensor(0.0230, device='cuda:0'), tensor(0.0230, device='cuda:0'), tensor(0.0230, device='cuda:0'), tensor(0.0230, device='cuda:0'), tensor(0.0230, device='cuda:0'), tensor(0.0230, device='cuda:0'), tensor(0.0230, device='cuda:0'), tensor(0.0230, device='cuda:0'), tensor(0.0230, device='cuda:0'), tensor(0.0230, device='cuda:0'), tensor(0.0230, device='cuda:0'), tensor(0.0230, device='cuda:0'), tensor(0.0230, device='cuda:0'), tensor(0.0230, device='cuda:0'), tensor(0.0230, device='cuda:0'), tensor(0.0230, device='cuda:0'), tensor(0.0230, device='cuda:0'), tensor(0.0233, device='cuda:0')]"
4,"[tensor(0.0228, device='cuda:0'), tensor(0.0230, device='cuda:0'), tensor(0.0230, device='cuda:0'), tensor(0.0230, device='cuda:0'), tensor(0.0230, device='cuda:0'), tensor(0.0230, device='cuda:0'), tensor(0.0230, device='cuda:0'), tensor(0.0230, device='cuda:0'), tensor(0.0230, device='cuda:0'), tensor(0.0230, device='cuda:0'), tensor(0.0230, device='cuda:0'), tensor(0.0230, device='cuda:0'), tensor(0.0230, device='cuda:0'), tensor(0.0230, device='cuda:0'), tensor(0.0230, device='cuda:0'), tensor(0.0230, device='cuda:0'), tensor(0.0230, device='cuda:0'), tensor(0.0230, device='cuda:0'), tensor(0.0230, device='cuda:0'), tensor(0.0230, device='cuda:0'), tensor(0.0230, device='cuda:0'), tensor(0.0230, device='cuda:0'), tensor(0.0230, device='cuda:0'), tensor(0.0230, device='cuda:0'), tensor(0.0230, device='cuda:0'), tensor(0.0230, device='cuda:0'), tensor(0.0230, device='cuda:0'), tensor(0.0230, device='cuda:0'), tensor(0.0230, device='cuda:0'), tensor(0.0230, device='cuda:0'), tensor(0.0230, device='cuda:0'), tensor(0.0230, device='cuda:0'), tensor(0.0230, device='cuda:0'), tensor(0.0230, device='cuda:0'), tensor(0.0230, device='cuda:0'), tensor(0.0230, device='cuda:0'), tensor(0.0230, device='cuda:0'), tensor(0.0230, device='cuda:0'), tensor(0.0230, device='cuda:0'), tensor(0.0230, device='cuda:0'), tensor(0.0230, device='cuda:0'), tensor(0.0230, device='cuda:0'), tensor(0.0230, device='cuda:0'), tensor(0.0230, device='cuda:0'), tensor(0.0230, device='cuda:0'), tensor(0.0230, device='cuda:0'), tensor(0.0230, device='cuda:0'), tensor(0.0230, device='cuda:0'), tensor(0.0230, device='cuda:0'), tensor(0.0230, device='cuda:0'), tensor(0.0230, device='cuda:0'), tensor(0.0230, device='cuda:0'), tensor(0.0230, device='cuda:0'), tensor(0.0230, device='cuda:0'), tensor(0.0230, device='cuda:0'), tensor(0.0230, device='cuda:0'), tensor(0.0230, device='cuda:0'), tensor(0.0230, device='cuda:0'), tensor(0.0230, device='cuda:0'), tensor(0.0230, device='cuda:0'), tensor(0.0230, device='cuda:0'), tensor(0.0230, device='cuda:0'), tensor(0.0230, device='cuda:0'), tensor(0.0230, device='cuda:0'), tensor(0.0230, device='cuda:0'), tensor(0.0230, device='cuda:0'), tensor(0.0230, device='cuda:0'), tensor(0.0230, device='cuda:0'), tensor(0.0230, device='cuda:0'), tensor(0.0230, device='cuda:0'), tensor(0.0230, device='cuda:0'), tensor(0.0230, device='cuda:0'), tensor(0.0230, device='cuda:0'), tensor(0.0230, device='cuda:0'), tensor(0.0230, device='cuda:0'), tensor(0.0230, device='cuda:0'), tensor(0.0230, device='cuda:0'), tensor(0.0230, device='cuda:0'), tensor(0.0230, device='cuda:0'), tensor(0.0230, device='cuda:0'), tensor(0.0230, device='cuda:0'), tensor(0.0230, device='cuda:0'), tensor(0.0230, device='cuda:0'), tensor(0.0230, device='cuda:0'), tensor(0.0230, device='cuda:0'), tensor(0.0230, device='cuda:0'), tensor(0.0230, device='cuda:0'), tensor(0.0230, device='cuda:0'), tensor(0.0230, device='cuda:0'), tensor(0.0230, device='cuda:0'), tensor(0.0230, device='cuda:0'), tensor(0.0230, device='cuda:0'), tensor(0.0230, device='cuda:0'), tensor(0.0230, device='cuda:0'), tensor(0.0230, device='cuda:0'), tensor(0.0230, device='cuda:0'), tensor(0.0230, device='cuda:0'), tensor(0.0230, device='cuda:0'), tensor(0.0230, device='cuda:0'), tensor(0.0233, device='cuda:0')]"
5,"[tensor(0.0228, device='cuda:0'), tensor(0.0230, device='cuda:0'), tensor(0.0230, device='cuda:0'), tensor(0.0230, device='cuda:0'), tensor(0.0230, device='cuda:0'), tensor(0.0230, device='cuda:0'), tensor(0.0230, device='cuda:0'), tensor(0.0230, device='cuda:0'), tensor(0.0230, device='cuda:0'), tensor(0.0230, device='cuda:0'), tensor(0.0230, device='cuda:0'), tensor(0.0230, device='cuda:0'), tensor(0.0230, device='cuda:0'), tensor(0.0230, device='cuda:0'), tensor(0.0230, device='cuda:0'), tensor(0.0230, device='cuda:0'), tensor(0.0230, device='cuda:0'), tensor(0.0230, device='cuda:0'), tensor(0.0230, device='cuda:0'), tensor(0.0230, device='cuda:0'), tensor(0.0230, device='cuda:0'), tensor(0.0230, device='cuda:0'), tensor(0.0230, device='cuda:0'), tensor(0.0230, device='cuda:0'), tensor(0.0230, device='cuda:0'), tensor(0.0230, device='cuda:0'), tensor(0.0230, device='cuda:0'), tensor(0.0230, device='cuda:0'), tensor(0.0230, device='cuda:0'), tensor(0.0230, device='cuda:0'), tensor(0.0230, device='cuda:0'), tensor(0.0230, device='cuda:0'), tensor(0.0230, device='cuda:0'), tensor(0.0230, device='cuda:0'), tensor(0.0230, device='cuda:0'), tensor(0.0230, device='cuda:0'), tensor(0.0230, device='cuda:0'), tensor(0.0230, device='cuda:0'), tensor(0.0230, device='cuda:0'), tensor(0.0230, device='cuda:0'), tensor(0.0230, device='cuda:0'), tensor(0.0230, device='cuda:0'), tensor(0.0230, device='cuda:0'), tensor(0.0230, device='cuda:0'), tensor(0.0230, device='cuda:0'), tensor(0.0230, device='cuda:0'), tensor(0.0230, device='cuda:0'), tensor(0.0230, device='cuda:0'), tensor(0.0230, device='cuda:0'), tensor(0.0230, device='cuda:0'), tensor(0.0230, device='cuda:0'), tensor(0.0230, device='cuda:0'), tensor(0.0230, device='cuda:0'), tensor(0.0230, device='cuda:0'), tensor(0.0230, device='cuda:0'), tensor(0.0230, device='cuda:0'), tensor(0.0230, device='cuda:0'), tensor(0.0230, device='cuda:0'), tensor(0.0230, device='cuda:0'), tensor(0.0230, device='cuda:0'), tensor(0.0230, device='cuda:0'), tensor(0.0230, device='cuda:0'), tensor(0.0230, device='cuda:0'), tensor(0.0230, device='cuda:0'), tensor(0.0230, device='cuda:0'), tensor(0.0230, device='cuda:0'), tensor(0.0230, device='cuda:0'), tensor(0.0230, device='cuda:0'), tensor(0.0230, device='cuda:0'), tensor(0.0230, device='cuda:0'), tensor(0.0230, device='cuda:0'), tensor(0.0230, device='cuda:0'), tensor(0.0230, device='cuda:0'), tensor(0.0230, device='cuda:0'), tensor(0.0230, device='cuda:0'), tensor(0.0230, device='cuda:0'), tensor(0.0230, device='cuda:0'), tensor(0.0230, device='cuda:0'), tensor(0.0230, device='cuda:0'), tensor(0.0230, device='cuda:0'), tensor(0.0230, device='cuda:0'), tensor(0.0230, device='cuda:0'), tensor(0.0230, device='cuda:0'), tensor(0.0230, device='cuda:0'), tensor(0.0230, device='cuda:0'), tensor(0.0230, device='cuda:0'), tensor(0.0230, device='cuda:0'), tensor(0.0230, device='cuda:0'), tensor(0.0230, device='cuda:0'), tensor(0.0230, device='cuda:0'), tensor(0.0230, device='cuda:0'), tensor(0.0230, device='cuda:0'), tensor(0.0230, device='cuda:0'), tensor(0.0230, device='cuda:0'), tensor(0.0230, device='cuda:0'), tensor(0.0230, device='cuda:0'), tensor(0.0230, device='cuda:0'), tensor(0.0230, device='cuda:0'), tensor(0.0230, device='cuda:0'), tensor(0.0233, device='cuda:0')]"
6,"[tensor(0.0228, device='cuda:0'), tensor(0.0230, device='cuda:0'), tensor(0.0230, device='cuda:0'), tensor(0.0230, device='cuda:0'), tensor(0.0230, device='cuda:0'), tensor(0.0230, device='cuda:0'), tensor(0.0230, device='cuda:0'), tensor(0.0230, device='cuda:0'), tensor(0.0230, device='cuda:0'), tensor(0.0230, device='cuda:0'), tensor(0.0230, device='cuda:0'), tensor(0.0230, device='cuda:0'), tensor(0.0230, device='cuda:0'), tensor(0.0230, device='cuda:0'), tensor(0.0230, device='cuda:0'), tensor(0.0230, device='cuda:0'), tensor(0.0230, device='cuda:0'), tensor(0.0230, device='cuda:0'), tensor(0.0230, device='cuda:0'), tensor(0.0230, device='cuda:0'), tensor(0.0230, device='cuda:0'), tensor(0.0230, device='cuda:0'), tensor(0.0230, device='cuda:0'), tensor(0.0230, device='cuda:0'), tensor(0.0230, device='cuda:0'), tensor(0.0230, device='cuda:0'), tensor(0.0230, device='cuda:0'), tensor(0.0230, device='cuda:0'), tensor(0.0230, device='cuda:0'), tensor(0.0230, device='cuda:0'), tensor(0.0230, device='cuda:0'), tensor(0.0230, device='cuda:0'), tensor(0.0230, device='cuda:0'), tensor(0.0230, device='cuda:0'), tensor(0.0230, device='cuda:0'), tensor(0.0230, device='cuda:0'), tensor(0.0230, device='cuda:0'), tensor(0.0230, device='cuda:0'), tensor(0.0230, device='cuda:0'), tensor(0.0230, device='cuda:0'), tensor(0.0230, device='cuda:0'), tensor(0.0230, device='cuda:0'), tensor(0.0230, device='cuda:0'), tensor(0.0230, device='cuda:0'), tensor(0.0230, device='cuda:0'), tensor(0.0230, device='cuda:0'), tensor(0.0230, device='cuda:0'), tensor(0.0230, device='cuda:0'), tensor(0.0230, device='cuda:0'), tensor(0.0230, device='cuda:0'), tensor(0.0230, device='cuda:0'), tensor(0.0230, device='cuda:0'), tensor(0.0230, device='cuda:0'), tensor(0.0230, device='cuda:0'), tensor(0.0230, device='cuda:0'), tensor(0.0230, device='cuda:0'), tensor(0.0230, device='cuda:0'), tensor(0.0230, device='cuda:0'), tensor(0.0230, device='cuda:0'), tensor(0.0230, device='cuda:0'), tensor(0.0230, device='cuda:0'), tensor(0.0230, device='cuda:0'), tensor(0.0230, device='cuda:0'), tensor(0.0230, device='cuda:0'), tensor(0.0230, device='cuda:0'), tensor(0.0230, device='cuda:0'), tensor(0.0230, device='cuda:0'), tensor(0.0230, device='cuda:0'), tensor(0.0230, device='cuda:0'), tensor(0.0230, device='cuda:0'), tensor(0.0230, device='cuda:0'), tensor(0.0230, device='cuda:0'), tensor(0.0230, device='cuda:0'), tensor(0.0230, device='cuda:0'), tensor(0.0230, device='cuda:0'), tensor(0.0230, device='cuda:0'), tensor(0.0230, device='cuda:0'), tensor(0.0230, device='cuda:0'), tensor(0.0230, device='cuda:0'), tensor(0.0230, device='cuda:0'), tensor(0.0230, device='cuda:0'), tensor(0.0230, device='cuda:0'), tensor(0.0230, device='cuda:0'), tensor(0.0230, device='cuda:0'), tensor(0.0230, device='cuda:0'), tensor(0.0230, device='cuda:0'), tensor(0.0230, device='cuda:0'), tensor(0.0230, device='cuda:0'), tensor(0.0230, device='cuda:0'), tensor(0.0230, device='cuda:0'), tensor(0.0230, device='cuda:0'), tensor(0.0230, device='cuda:0'), tensor(0.0230, device='cuda:0'), tensor(0.0230, device='cuda:0'), tensor(0.0230, device='cuda:0'), tensor(0.0230, device='cuda:0'), tensor(0.0230, device='cuda:0'), tensor(0.0230, device='cuda:0'), tensor(0.0230, device='cuda:0'), tensor(0.0233, device='cuda:0')]"
7,"[tensor(0.0228, device='cuda:0'), tensor(0.0230, device='cuda:0'), tensor(0.0230, device='cuda:0'), tensor(0.0230, device='cuda:0'), tensor(0.0230, device='cuda:0'), tensor(0.0230, device='cuda:0'), tensor(0.0230, device='cuda:0'), tensor(0.0230, device='cuda:0'), tensor(0.0230, device='cuda:0'), tensor(0.0230, device='cuda:0'), tensor(0.0230, device='cuda:0'), tensor(0.0230, device='cuda:0'), tensor(0.0230, device='cuda:0'), tensor(0.0230, device='cuda:0'), tensor(0.0230, device='cuda:0'), tensor(0.0230, device='cuda:0'), tensor(0.0230, device='cuda:0'), tensor(0.0230, device='cuda:0'), tensor(0.0230, device='cuda:0'), tensor(0.0230, device='cuda:0'), tensor(0.0230, device='cuda:0'), tensor(0.0230, device='cuda:0'), tensor(0.0230, device='cuda:0'), tensor(0.0230, device='cuda:0'), tensor(0.0230, device='cuda:0'), tensor(0.0230, device='cuda:0'), tensor(0.0230, device='cuda:0'), tensor(0.0230, device='cuda:0'), tensor(0.0230, device='cuda:0'), tensor(0.0230, device='cuda:0'), tensor(0.0230, device='cuda:0'), tensor(0.0230, device='cuda:0'), tensor(0.0230, device='cuda:0'), tensor(0.0230, device='cuda:0'), tensor(0.0230, device='cuda:0'), tensor(0.0230, device='cuda:0'), tensor(0.0230, device='cuda:0'), tensor(0.0230, device='cuda:0'), tensor(0.0230, device='cuda:0'), tensor(0.0230, device='cuda:0'), tensor(0.0230, device='cuda:0'), tensor(0.0230, device='cuda:0'), tensor(0.0230, device='cuda:0'), tensor(0.0230, device='cuda:0'), tensor(0.0230, device='cuda:0'), tensor(0.0230, device='cuda:0'), tensor(0.0230, device='cuda:0'), tensor(0.0230, device='cuda:0'), tensor(0.0230, device='cuda:0'), tensor(0.0230, device='cuda:0'), tensor(0.0230, device='cuda:0'), tensor(0.0230, device='cuda:0'), tensor(0.0230, device='cuda:0'), tensor(0.0230, device='cuda:0'), tensor(0.0230, device='cuda:0'), tensor(0.0230, device='cuda:0'), tensor(0.0230, device='cuda:0'), tensor(0.0230, device='cuda:0'), tensor(0.0230, device='cuda:0'), tensor(0.0230, device='cuda:0'), tensor(0.0230, device='cuda:0'), tensor(0.0230, device='cuda:0'), tensor(0.0230, device='cuda:0'), tensor(0.0230, device='cuda:0'), tensor(0.0230, device='cuda:0'), tensor(0.0230, device='cuda:0'), tensor(0.0230, device='cuda:0'), tensor(0.0230, device='cuda:0'), tensor(0.0230, device='cuda:0'), tensor(0.0230, device='cuda:0'), tensor(0.0230, device='cuda:0'), tensor(0.0230, device='cuda:0'), tensor(0.0230, device='cuda:0'), tensor(0.0230, device='cuda:0'), tensor(0.0230, device='cuda:0'), tensor(0.0230, device='cuda:0'), tensor(0.0230, device='cuda:0'), tensor(0.0230, device='cuda:0'), tensor(0.0230, device='cuda:0'), tensor(0.0230, device='cuda:0'), tensor(0.0230, device='cuda:0'), tensor(0.0230, device='cuda:0'), tensor(0.0230, device='cuda:0'), tensor(0.0230, device='cuda:0'), tensor(0.0230, device='cuda:0'), tensor(0.0230, device='cuda:0'), tensor(0.0230, device='cuda:0'), tensor(0.0230, device='cuda:0'), tensor(0.0230, device='cuda:0'), tensor(0.0230, device='cuda:0'), tensor(0.0230, device='cuda:0'), tensor(0.0230, device='cuda:0'), tensor(0.0230, device='cuda:0'), tensor(0.0230, device='cuda:0'), tensor(0.0230, device='cuda:0'), tensor(0.0230, device='cuda:0'), tensor(0.0230, device='cuda:0'), tensor(0.0230, device='cuda:0'), tensor(0.0230, device='cuda:0'), tensor(0.0232, device='cuda:0')]"
8,"[tensor(0.0227, device='cuda:0'), tensor(0.0230, device='cuda:0'), tensor(0.0230, device='cuda:0'), tensor(0.0230, device='cuda:0'), tensor(0.0230, device='cuda:0'), tensor(0.0230, device='cuda:0'), tensor(0.0230, device='cuda:0'), tensor(0.0230, device='cuda:0'), tensor(0.0230, device='cuda:0'), tensor(0.0230, device='cuda:0'), tensor(0.0230, device='cuda:0'), tensor(0.0230, device='cuda:0'), tensor(0.0229, device='cuda:0'), tensor(0.0230, device='cuda:0'), tensor(0.0230, device='cuda:0'), tensor(0.0230, device='cuda:0'), tensor(0.0230, device='cuda:0'), tensor(0.0230, device='cuda:0'), tensor(0.0230, device='cuda:0'), tensor(0.0230, device='cuda:0'), tensor(0.0230, device='cuda:0'), tensor(0.0230, device='cuda:0'), tensor(0.0230, device='cuda:0'), tensor(0.0230, device='cuda:0'), tensor(0.0229, device='cuda:0'), tensor(0.0230, device='cuda:0'), tensor(0.0230, device='cuda:0'), tensor(0.0230, device='cuda:0'), tensor(0.0230, device='cuda:0'), tensor(0.0230, device='cuda:0'), tensor(0.0230, device='cuda:0'), tensor(0.0230, device='cuda:0'), tensor(0.0230, device='cuda:0'), tensor(0.0230, device='cuda:0'), tensor(0.0229, device='cuda:0'), tensor(0.0229, device='cuda:0'), tensor(0.0230, device='cuda:0'), tensor(0.0230, device='cuda:0'), tensor(0.0230, device='cuda:0'), tensor(0.0229, device='cuda:0'), tensor(0.0230, device='cuda:0'), tensor(0.0230, device='cuda:0'), tensor(0.0230, device='cuda:0'), tensor(0.0230, device='cuda:0'), tensor(0.0230, device='cuda:0'), tensor(0.0230, device='cuda:0'), tensor(0.0230, device='cuda:0'), tensor(0.0230, device='cuda:0'), tensor(0.0230, device='cuda:0'), tensor(0.0230, device='cuda:0'), tensor(0.0230, device='cuda:0'), tensor(0.0230, device='cuda:0'), tensor(0.0230, device='cuda:0'), tensor(0.0229, device='cuda:0'), tensor(0.0230, device='cuda:0'), tensor(0.0230, device='cuda:0'), tensor(0.0230, device='cuda:0'), tensor(0.0230, device='cuda:0'), tensor(0.0230, device='cuda:0'), tensor(0.0230, device='cuda:0'), tensor(0.0230, device='cuda:0'), tensor(0.0230, device='cuda:0'), tensor(0.0230, device='cuda:0'), tensor(0.0230, device='cuda:0'), tensor(0.0230, device='cuda:0'), tensor(0.0230, device='cuda:0'), tensor(0.0229, device='cuda:0'), tensor(0.0230, device='cuda:0'), tensor(0.0230, device='cuda:0'), tensor(0.0230, device='cuda:0'), tensor(0.0230, device='cuda:0'), tensor(0.0230, device='cuda:0'), tensor(0.0230, device='cuda:0'), tensor(0.0230, device='cuda:0'), tensor(0.0230, device='cuda:0'), tensor(0.0230, device='cuda:0'), tensor(0.0230, device='cuda:0'), tensor(0.0230, device='cuda:0'), tensor(0.0230, device='cuda:0'), tensor(0.0230, device='cuda:0'), tensor(0.0230, device='cuda:0'), tensor(0.0229, device='cuda:0'), tensor(0.0230, device='cuda:0'), tensor(0.0230, device='cuda:0'), tensor(0.0230, device='cuda:0'), tensor(0.0230, device='cuda:0'), tensor(0.0230, device='cuda:0'), tensor(0.0230, device='cuda:0'), tensor(0.0230, device='cuda:0'), tensor(0.0230, device='cuda:0'), tensor(0.0230, device='cuda:0'), tensor(0.0230, device='cuda:0'), tensor(0.0230, device='cuda:0'), tensor(0.0230, device='cuda:0'), tensor(0.0229, device='cuda:0'), tensor(0.0230, device='cuda:0'), tensor(0.0229, device='cuda:0'), tensor(0.0230, device='cuda:0'), tensor(0.0230, device='cuda:0'), tensor(0.0232, device='cuda:0')]"
9,"[tensor(0.0227, device='cuda:0'), tensor(0.0229, device='cuda:0'), tensor(0.0229, device='cuda:0'), tensor(0.0230, device='cuda:0'), tensor(0.0229, device='cuda:0'), tensor(0.0229, device='cuda:0'), tensor(0.0230, device='cuda:0'), tensor(0.0230, device='cuda:0'), tensor(0.0230, device='cuda:0'), tensor(0.0230, device='cuda:0'), tensor(0.0229, device='cuda:0'), tensor(0.0229, device='cuda:0'), tensor(0.0229, device='cuda:0'), tensor(0.0229, device='cuda:0'), tensor(0.0229, device='cuda:0'), tensor(0.0229, device='cuda:0'), tensor(0.0230, device='cuda:0'), tensor(0.0229, device='cuda:0'), tensor(0.0229, device='cuda:0'), tensor(0.0230, device='cuda:0'), tensor(0.0229, device='cuda:0'), tensor(0.0229, device='cuda:0'), tensor(0.0230, device='cuda:0'), tensor(0.0229, device='cuda:0'), tensor(0.0228, device='cuda:0'), tensor(0.0229, device='cuda:0'), tensor(0.0229, device='cuda:0'), tensor(0.0230, device='cuda:0'), tensor(0.0229, device='cuda:0'), tensor(0.0229, device='cuda:0'), tensor(0.0229, device='cuda:0'), tensor(0.0229, device='cuda:0'), tensor(0.0229, device='cuda:0'), tensor(0.0229, device='cuda:0'), tensor(0.0229, device='cuda:0'), tensor(0.0228, device='cuda:0'), tensor(0.0229, device='cuda:0'), tensor(0.0229, device='cuda:0'), tensor(0.0229, device='cuda:0'), tensor(0.0229, device='cuda:0'), tensor(0.0229, device='cuda:0'), tensor(0.0229, device='cuda:0'), tensor(0.0229, device='cuda:0'), tensor(0.0229, device='cuda:0'), tensor(0.0229, device='cuda:0'), tensor(0.0230, device='cuda:0'), tensor(0.0229, device='cuda:0'), tensor(0.0229, device='cuda:0'), tensor(0.0230, device='cuda:0'), tensor(0.0230, device='cuda:0'), tensor(0.0229, device='cuda:0'), tensor(0.0229, device='cuda:0'), tensor(0.0229, device='cuda:0'), tensor(0.0229, device='cuda:0'), tensor(0.0230, device='cuda:0'), tensor(0.0229, device='cuda:0'), tensor(0.0229, device='cuda:0'), tensor(0.0230, device='cuda:0'), tensor(0.0229, device='cuda:0'), tensor(0.0230, device='cuda:0'), tensor(0.0230, device='cuda:0'), tensor(0.0229, device='cuda:0'), tensor(0.0229, device='cuda:0'), tensor(0.0230, device='cuda:0'), tensor(0.0229, device='cuda:0'), tensor(0.0230, device='cuda:0'), tensor(0.0228, device='cuda:0'), tensor(0.0229, device='cuda:0'), tensor(0.0229, device='cuda:0'), tensor(0.0229, device='cuda:0'), tensor(0.0229, device='cuda:0'), tensor(0.0229, device='cuda:0'), tensor(0.0229, device='cuda:0'), tensor(0.0229, device='cuda:0'), tensor(0.0229, device='cuda:0'), tensor(0.0229, device='cuda:0'), tensor(0.0229, device='cuda:0'), tensor(0.0229, device='cuda:0'), tensor(0.0229, device='cuda:0'), tensor(0.0229, device='cuda:0'), tensor(0.0229, device='cuda:0'), tensor(0.0228, device='cuda:0'), tensor(0.0229, device='cuda:0'), tensor(0.0229, device='cuda:0'), tensor(0.0230, device='cuda:0'), tensor(0.0229, device='cuda:0'), tensor(0.0229, device='cuda:0'), tensor(0.0229, device='cuda:0'), tensor(0.0230, device='cuda:0'), tensor(0.0230, device='cuda:0'), tensor(0.0229, device='cuda:0'), tensor(0.0229, device='cuda:0'), tensor(0.0229, device='cuda:0'), tensor(0.0230, device='cuda:0'), tensor(0.0229, device='cuda:0'), tensor(0.0229, device='cuda:0'), tensor(0.0229, device='cuda:0'), tensor(0.0230, device='cuda:0'), tensor(0.0229, device='cuda:0'), tensor(0.0231, device='cuda:0')]"
10,"[tensor(0.0226, device='cuda:0'), tensor(0.0228, device='cuda:0'), tensor(0.0228, device='cuda:0'), tensor(0.0229, device='cuda:0'), tensor(0.0229, device='cuda:0'), tensor(0.0229, device='cuda:0'), tensor(0.0229, device='cuda:0'), tensor(0.0229, device='cuda:0'), tensor(0.0229, device='cuda:0'), tensor(0.0229, device='cuda:0'), tensor(0.0228, device='cuda:0'), tensor(0.0228, device='cuda:0'), tensor(0.0228, device='cuda:0'), tensor(0.0229, device='cuda:0'), tensor(0.0228, device='cuda:0'), tensor(0.0228, device='cuda:0'), tensor(0.0229, device='cuda:0'), tensor(0.0228, device='cuda:0'), tensor(0.0228, device='cuda:0'), tensor(0.0229, device='cuda:0'), tensor(0.0228, device='cuda:0'), tensor(0.0228, device='cuda:0'), tensor(0.0230, device='cuda:0'), tensor(0.0228, device='cuda:0'), tensor(0.0227, device='cuda:0'), tensor(0.0229, device='cuda:0'), tensor(0.0229, device='cuda:0'), tensor(0.0229, device='cuda:0'), tensor(0.0229, device='cuda:0'), tensor(0.0227, device='cuda:0'), tensor(0.0228, device='cuda:0'), tensor(0.0228, device='cuda:0'), tensor(0.0228, device='cuda:0'), tensor(0.0228, device='cuda:0'), tensor(0.0228, device='cuda:0'), tensor(0.0227, device='cuda:0'), tensor(0.0228, device='cuda:0'), tensor(0.0229, device='cuda:0'), tensor(0.0229, device='cuda:0'), tensor(0.0227, device='cuda:0'), tensor(0.0228, device='cuda:0'), tensor(0.0228, device='cuda:0'), tensor(0.0228, device='cuda:0'), tensor(0.0228, device='cuda:0'), tensor(0.0229, device='cuda:0'), tensor(0.0229, device='cuda:0'), tensor(0.0228, device='cuda:0'), tensor(0.0229, device='cuda:0'), tensor(0.0229, device='cuda:0'), tensor(0.0230, device='cuda:0'), tensor(0.0228, device='cuda:0'), tensor(0.0228, device='cuda:0'), tensor(0.0228, device='cuda:0'), tensor(0.0228, device='cuda:0'), tensor(0.0229, device='cuda:0'), tensor(0.0228, device='cuda:0'), tensor(0.0229, device='cuda:0'), tensor(0.0229, device='cuda:0'), tensor(0.0228, device='cuda:0'), tensor(0.0229, device='cuda:0'), tensor(0.0229, device='cuda:0'), tensor(0.0228, device='cuda:0'), tensor(0.0228, device='cuda:0'), tensor(0.0229, device='cuda:0'), tensor(0.0228, device='cuda:0'), tensor(0.0229, device='cuda:0'), tensor(0.0227, device='cuda:0'), tensor(0.0228, device='cuda:0'), tensor(0.0228, device='cuda:0'), tensor(0.0229, device='cuda:0'), tensor(0.0229, device='cuda:0'), tensor(0.0229, device='cuda:0'), tensor(0.0228, device='cuda:0'), tensor(0.0228, device='cuda:0'), tensor(0.0229, device='cuda:0'), tensor(0.0228, device='cuda:0'), tensor(0.0228, device='cuda:0'), tensor(0.0228, device='cuda:0'), tensor(0.0229, device='cuda:0'), tensor(0.0229, device='cuda:0'), tensor(0.0228, device='cuda:0'), tensor(0.0227, device='cuda:0'), tensor(0.0228, device='cuda:0'), tensor(0.0228, device='cuda:0'), tensor(0.0229, device='cuda:0'), tensor(0.0228, device='cuda:0'), tensor(0.0229, device='cuda:0'), tensor(0.0228, device='cuda:0'), tensor(0.0229, device='cuda:0'), tensor(0.0229, device='cuda:0'), tensor(0.0228, device='cuda:0'), tensor(0.0228, device='cuda:0'), tensor(0.0228, device='cuda:0'), tensor(0.0229, device='cuda:0'), tensor(0.0228, device='cuda:0'), tensor(0.0228, device='cuda:0'), tensor(0.0228, device='cuda:0'), tensor(0.0229, device='cuda:0'), tensor(0.0228, device='cuda:0'), tensor(0.0230, device='cuda:0')]"
11,"[tensor(0.0225, device='cuda:0'), tensor(0.0227, device='cuda:0'), tensor(0.0227, device='cuda:0'), tensor(0.0229, device='cuda:0'), tensor(0.0227, device='cuda:0'), tensor(0.0227, device='cuda:0'), tensor(0.0228, device='cuda:0'), tensor(0.0228, device='cuda:0'), tensor(0.0228, device='cuda:0'), tensor(0.0227, device='cuda:0'), tensor(0.0227, device='cuda:0'), tensor(0.0227, device='cuda:0'), tensor(0.0226, device='cuda:0'), tensor(0.0227, device='cuda:0'), tensor(0.0227, device='cuda:0'), tensor(0.0227, device='cuda:0'), tensor(0.0228, device='cuda:0'), tensor(0.0227, device='cuda:0'), tensor(0.0226, device='cuda:0'), tensor(0.0228, device='cuda:0'), tensor(0.0227, device='cuda:0'), tensor(0.0227, device='cuda:0'), tensor(0.0228, device='cuda:0'), tensor(0.0227, device='cuda:0'), tensor(0.0226, device='cuda:0'), tensor(0.0228, device='cuda:0'), tensor(0.0227, device='cuda:0'), tensor(0.0228, device='cuda:0'), tensor(0.0227, device='cuda:0'), tensor(0.0226, device='cuda:0'), tensor(0.0227, device='cuda:0'), tensor(0.0227, device='cuda:0'), tensor(0.0227, device='cuda:0'), tensor(0.0227, device='cuda:0'), tensor(0.0227, device='cuda:0'), tensor(0.0226, device='cuda:0'), tensor(0.0227, device='cuda:0'), tensor(0.0227, device='cuda:0'), tensor(0.0227, device='cuda:0'), tensor(0.0226, device='cuda:0'), tensor(0.0226, device='cuda:0'), tensor(0.0227, device='cuda:0'), tensor(0.0227, device='cuda:0'), tensor(0.0227, device='cuda:0'), tensor(0.0228, device='cuda:0'), tensor(0.0228, device='cuda:0'), tensor(0.0227, device='cuda:0'), tensor(0.0228, device='cuda:0'), tensor(0.0228, device='cuda:0'), tensor(0.0229, device='cuda:0'), tensor(0.0227, device='cuda:0'), tensor(0.0227, device='cuda:0'), tensor(0.0227, device='cuda:0'), tensor(0.0226, device='cuda:0'), tensor(0.0229, device='cuda:0'), tensor(0.0227, device='cuda:0'), tensor(0.0228, device='cuda:0'), tensor(0.0228, device='cuda:0'), tensor(0.0227, device='cuda:0'), tensor(0.0228, device='cuda:0'), tensor(0.0228, device='cuda:0'), tensor(0.0228, device='cuda:0'), tensor(0.0227, device='cuda:0'), tensor(0.0228, device='cuda:0'), tensor(0.0226, device='cuda:0'), tensor(0.0228, device='cuda:0'), tensor(0.0225, device='cuda:0'), tensor(0.0227, device='cuda:0'), tensor(0.0227, device='cuda:0'), tensor(0.0228, device='cuda:0'), tensor(0.0228, device='cuda:0'), tensor(0.0227, device='cuda:0'), tensor(0.0227, device='cuda:0'), tensor(0.0227, device='cuda:0'), tensor(0.0228, device='cuda:0'), tensor(0.0226, device='cuda:0'), tensor(0.0227, device='cuda:0'), tensor(0.0227, device='cuda:0'), tensor(0.0228, device='cuda:0'), tensor(0.0228, device='cuda:0'), tensor(0.0226, device='cuda:0'), tensor(0.0225, device='cuda:0'), tensor(0.0227, device='cuda:0'), tensor(0.0227, device='cuda:0'), tensor(0.0229, device='cuda:0'), tensor(0.0227, device='cuda:0'), tensor(0.0227, device='cuda:0'), tensor(0.0227, device='cuda:0'), tensor(0.0228, device='cuda:0'), tensor(0.0228, device='cuda:0'), tensor(0.0226, device='cuda:0'), tensor(0.0227, device='cuda:0'), tensor(0.0226, device='cuda:0'), tensor(0.0229, device='cuda:0'), tensor(0.0226, device='cuda:0'), tensor(0.0227, device='cuda:0'), tensor(0.0227, device='cuda:0'), tensor(0.0228, device='cuda:0'), tensor(0.0227, device='cuda:0'), tensor(0.0229, device='cuda:0')]"
12,"[tensor(0.0223, device='cuda:0'), tensor(0.0226, device='cuda:0'), tensor(0.0226, device='cuda:0'), tensor(0.0227, device='cuda:0'), tensor(0.0226, device='cuda:0'), tensor(0.0226, device='cuda:0'), tensor(0.0226, device='cuda:0'), tensor(0.0226, device='cuda:0'), tensor(0.0227, device='cuda:0'), tensor(0.0226, device='cuda:0'), tensor(0.0225, device='cuda:0'), tensor(0.0225, device='cuda:0'), tensor(0.0226, device='cuda:0'), tensor(0.0226, device='cuda:0'), tensor(0.0226, device='cuda:0'), tensor(0.0226, device='cuda:0'), tensor(0.0227, device='cuda:0'), tensor(0.0225, device='cuda:0'), tensor(0.0225, device='cuda:0'), tensor(0.0226, device='cuda:0'), tensor(0.0225, device='cuda:0'), tensor(0.0225, device='cuda:0'), tensor(0.0227, device='cuda:0'), tensor(0.0225, device='cuda:0'), tensor(0.0224, device='cuda:0'), tensor(0.0226, device='cuda:0'), tensor(0.0226, device='cuda:0'), tensor(0.0227, device='cuda:0'), tensor(0.0226, device='cuda:0'), tensor(0.0224, device='cuda:0'), tensor(0.0225, device='cuda:0'), tensor(0.0226, device='cuda:0'), tensor(0.0225, device='cuda:0'), tensor(0.0226, device='cuda:0'), tensor(0.0225, device='cuda:0'), tensor(0.0223, device='cuda:0'), tensor(0.0226, device='cuda:0'), tensor(0.0226, device='cuda:0'), tensor(0.0226, device='cuda:0'), tensor(0.0224, device='cuda:0'), tensor(0.0225, device='cuda:0'), tensor(0.0226, device='cuda:0'), tensor(0.0225, device='cuda:0'), tensor(0.0225, device='cuda:0'), tensor(0.0226, device='cuda:0'), tensor(0.0227, device='cuda:0'), tensor(0.0225, device='cuda:0'), tensor(0.0225, device='cuda:0'), tensor(0.0226, device='cuda:0'), tensor(0.0228, device='cuda:0'), tensor(0.0226, device='cuda:0'), tensor(0.0225, device='cuda:0'), tensor(0.0225, device='cuda:0'), tensor(0.0224, device='cuda:0'), tensor(0.0227, device='cuda:0'), tensor(0.0226, device='cuda:0'), tensor(0.0226, device='cuda:0'), tensor(0.0227, device='cuda:0'), tensor(0.0226, device='cuda:0'), tensor(0.0227, device='cuda:0'), tensor(0.0226, device='cuda:0'), tensor(0.0226, device='cuda:0'), tensor(0.0225, device='cuda:0'), tensor(0.0227, device='cuda:0'), tensor(0.0225, device='cuda:0'), tensor(0.0226, device='cuda:0'), tensor(0.0224, device='cuda:0'), tensor(0.0226, device='cuda:0'), tensor(0.0226, device='cuda:0'), tensor(0.0227, device='cuda:0'), tensor(0.0227, device='cuda:0'), tensor(0.0226, device='cuda:0'), tensor(0.0225, device='cuda:0'), tensor(0.0226, device='cuda:0'), tensor(0.0226, device='cuda:0'), tensor(0.0224, device='cuda:0'), tensor(0.0225, device='cuda:0'), tensor(0.0225, device='cuda:0'), tensor(0.0226, device='cuda:0'), tensor(0.0226, device='cuda:0'), tensor(0.0225, device='cuda:0'), tensor(0.0223, device='cuda:0'), tensor(0.0225, device='cuda:0'), tensor(0.0225, device='cuda:0'), tensor(0.0226, device='cuda:0'), tensor(0.0225, device='cuda:0'), tensor(0.0226, device='cuda:0'), tensor(0.0226, device='cuda:0'), tensor(0.0227, device='cuda:0'), tensor(0.0227, device='cuda:0'), tensor(0.0225, device='cuda:0'), tensor(0.0225, device='cuda:0'), tensor(0.0225, device='cuda:0'), tensor(0.0227, device='cuda:0'), tensor(0.0224, device='cuda:0'), tensor(0.0225, device='cuda:0'), tensor(0.0225, device='cuda:0'), tensor(0.0227, device='cuda:0'), tensor(0.0225, device='cuda:0'), tensor(0.0227, device='cuda:0')]"
13,"[tensor(0.0220, device='cuda:0'), tensor(0.0223, device='cuda:0'), tensor(0.0223, device='cuda:0'), tensor(0.0226, device='cuda:0'), tensor(0.0223, device='cuda:0'), tensor(0.0224, device='cuda:0'), tensor(0.0224, device='cuda:0'), tensor(0.0224, device='cuda:0'), tensor(0.0224, device='cuda:0'), tensor(0.0224, device='cuda:0'), tensor(0.0225, device='cuda:0'), tensor(0.0223, device='cuda:0'), tensor(0.0223, device='cuda:0'), tensor(0.0224, device='cuda:0'), tensor(0.0224, device='cuda:0'), tensor(0.0223, device='cuda:0'), tensor(0.0225, device='cuda:0'), tensor(0.0224, device='cuda:0'), tensor(0.0222, device='cuda:0'), tensor(0.0224, device='cuda:0'), tensor(0.0223, device='cuda:0'), tensor(0.0223, device='cuda:0'), tensor(0.0224, device='cuda:0'), tensor(0.0225, device='cuda:0'), tensor(0.0223, device='cuda:0'), tensor(0.0225, device='cuda:0'), tensor(0.0223, device='cuda:0'), tensor(0.0225, device='cuda:0'), tensor(0.0224, device='cuda:0'), tensor(0.0223, device='cuda:0'), tensor(0.0224, device='cuda:0'), tensor(0.0223, device='cuda:0'), tensor(0.0223, device='cuda:0'), tensor(0.0224, device='cuda:0'), tensor(0.0223, device='cuda:0'), tensor(0.0224, device='cuda:0'), tensor(0.0224, device='cuda:0'), tensor(0.0224, device='cuda:0'), tensor(0.0223, device='cuda:0'), tensor(0.0222, device='cuda:0'), tensor(0.0222, device='cuda:0'), tensor(0.0224, device='cuda:0'), tensor(0.0224, device='cuda:0'), tensor(0.0224, device='cuda:0'), tensor(0.0223, device='cuda:0'), tensor(0.0225, device='cuda:0'), tensor(0.0224, device='cuda:0'), tensor(0.0224, device='cuda:0'), tensor(0.0224, device='cuda:0'), tensor(0.0226, device='cuda:0'), tensor(0.0224, device='cuda:0'), tensor(0.0222, device='cuda:0'), tensor(0.0223, device='cuda:0'), tensor(0.0223, device='cuda:0'), tensor(0.0225, device='cuda:0'), tensor(0.0224, device='cuda:0'), tensor(0.0224, device='cuda:0'), tensor(0.0224, device='cuda:0'), tensor(0.0223, device='cuda:0'), tensor(0.0225, device='cuda:0'), tensor(0.0224, device='cuda:0'), tensor(0.0224, device='cuda:0'), tensor(0.0223, device='cuda:0'), tensor(0.0224, device='cuda:0'), tensor(0.0222, device='cuda:0'), tensor(0.0224, device='cuda:0'), tensor(0.0221, device='cuda:0'), tensor(0.0223, device='cuda:0'), tensor(0.0223, device='cuda:0'), tensor(0.0224, device='cuda:0'), tensor(0.0224, device='cuda:0'), tensor(0.0224, device='cuda:0'), tensor(0.0223, device='cuda:0'), tensor(0.0224, device='cuda:0'), tensor(0.0224, device='cuda:0'), tensor(0.0222, device='cuda:0'), tensor(0.0223, device='cuda:0'), tensor(0.0224, device='cuda:0'), tensor(0.0224, device='cuda:0'), tensor(0.0225, device='cuda:0'), tensor(0.0222, device='cuda:0'), tensor(0.0222, device='cuda:0'), tensor(0.0223, device='cuda:0'), tensor(0.0223, device='cuda:0'), tensor(0.0225, device='cuda:0'), tensor(0.0224, device='cuda:0'), tensor(0.0223, device='cuda:0'), tensor(0.0223, device='cuda:0'), tensor(0.0224, device='cuda:0'), tensor(0.0225, device='cuda:0'), tensor(0.0223, device='cuda:0'), tensor(0.0224, device='cuda:0'), tensor(0.0222, device='cuda:0'), tensor(0.0225, device='cuda:0'), tensor(0.0222, device='cuda:0'), tensor(0.0223, device='cuda:0'), tensor(0.0224, device='cuda:0'), tensor(0.0225, device='cuda:0'), tensor(0.0224, device='cuda:0'), tensor(0.0225, device='cuda:0')]"
14,"[tensor(0.0219, device='cuda:0'), tensor(0.0222, device='cuda:0'), tensor(0.0222, device='cuda:0'), tensor(0.0223, device='cuda:0'), tensor(0.0222, device='cuda:0'), tensor(0.0222, device='cuda:0'), tensor(0.0221, device='cuda:0'), tensor(0.0221, device='cuda:0'), tensor(0.0222, device='cuda:0'), tensor(0.0221, device='cuda:0'), tensor(0.0220, device='cuda:0'), tensor(0.0220, device='cuda:0'), tensor(0.0222, device='cuda:0'), tensor(0.0221, device='cuda:0'), tensor(0.0221, device='cuda:0'), tensor(0.0221, device='cuda:0'), tensor(0.0222, device='cuda:0'), tensor(0.0221, device='cuda:0'), tensor(0.0221, device='cuda:0'), tensor(0.0222, device='cuda:0'), tensor(0.0221, device='cuda:0'), tensor(0.0220, device='cuda:0'), tensor(0.0223, device='cuda:0'), tensor(0.0220, device='cuda:0'), tensor(0.0219, device='cuda:0'), tensor(0.0221, device='cuda:0'), tensor(0.0222, device='cuda:0'), tensor(0.0222, device='cuda:0'), tensor(0.0221, device='cuda:0'), tensor(0.0218, device='cuda:0'), tensor(0.0221, device='cuda:0'), tensor(0.0222, device='cuda:0'), tensor(0.0222, device='cuda:0'), tensor(0.0222, device='cuda:0'), tensor(0.0222, device='cuda:0'), tensor(0.0218, device='cuda:0'), tensor(0.0220, device='cuda:0'), tensor(0.0221, device='cuda:0'), tensor(0.0222, device='cuda:0'), tensor(0.0219, device='cuda:0'), tensor(0.0220, device='cuda:0'), tensor(0.0221, device='cuda:0'), tensor(0.0220, device='cuda:0'), tensor(0.0219, device='cuda:0'), tensor(0.0221, device='cuda:0'), tensor(0.0223, device='cuda:0'), tensor(0.0220, device='cuda:0'), tensor(0.0220, device='cuda:0'), tensor(0.0220, device='cuda:0'), tensor(0.0224, device='cuda:0'), tensor(0.0221, device='cuda:0'), tensor(0.0220, device='cuda:0'), tensor(0.0220, device='cuda:0'), tensor(0.0219, device='cuda:0'), tensor(0.0222, device='cuda:0'), tensor(0.0221, device='cuda:0'), tensor(0.0222, device='cuda:0'), tensor(0.0222, device='cuda:0'), tensor(0.0221, device='cuda:0'), tensor(0.0221, device='cuda:0'), tensor(0.0221, device='cuda:0'), tensor(0.0221, device='cuda:0'), tensor(0.0220, device='cuda:0'), tensor(0.0221, device='cuda:0'), tensor(0.0221, device='cuda:0'), tensor(0.0220, device='cuda:0'), tensor(0.0219, device='cuda:0'), tensor(0.0221, device='cuda:0'), tensor(0.0220, device='cuda:0'), tensor(0.0223, device='cuda:0'), tensor(0.0222, device='cuda:0'), tensor(0.0220, device='cuda:0'), tensor(0.0221, device='cuda:0'), tensor(0.0222, device='cuda:0'), tensor(0.0222, device='cuda:0'), tensor(0.0219, device='cuda:0'), tensor(0.0221, device='cuda:0'), tensor(0.0221, device='cuda:0'), tensor(0.0221, device='cuda:0'), tensor(0.0222, device='cuda:0'), tensor(0.0221, device='cuda:0'), tensor(0.0219, device='cuda:0'), tensor(0.0219, device='cuda:0'), tensor(0.0220, device='cuda:0'), tensor(0.0221, device='cuda:0'), tensor(0.0221, device='cuda:0'), tensor(0.0222, device='cuda:0'), tensor(0.0221, device='cuda:0'), tensor(0.0222, device='cuda:0'), tensor(0.0222, device='cuda:0'), tensor(0.0220, device='cuda:0'), tensor(0.0221, device='cuda:0'), tensor(0.0220, device='cuda:0'), tensor(0.0222, device='cuda:0'), tensor(0.0220, device='cuda:0'), tensor(0.0221, device='cuda:0'), tensor(0.0220, device='cuda:0'), tensor(0.0222, device='cuda:0'), tensor(0.0220, device='cuda:0'), tensor(0.0221, device='cuda:0')]"
15,"[tensor(0.0214, device='cuda:0'), tensor(0.0217, device='cuda:0'), tensor(0.0218, device='cuda:0'), tensor(0.0220, device='cuda:0'), tensor(0.0217, device='cuda:0'), tensor(0.0218, device='cuda:0'), tensor(0.0218, device='cuda:0'), tensor(0.0217, device='cuda:0'), tensor(0.0218, device='cuda:0'), tensor(0.0219, device='cuda:0'), tensor(0.0219, device='cuda:0'), tensor(0.0218, device='cuda:0'), tensor(0.0216, device='cuda:0'), tensor(0.0217, device='cuda:0'), tensor(0.0217, device='cuda:0'), tensor(0.0216, device='cuda:0'), tensor(0.0220, device='cuda:0'), tensor(0.0220, device='cuda:0'), tensor(0.0216, device='cuda:0'), tensor(0.0218, device='cuda:0'), tensor(0.0217, device='cuda:0'), tensor(0.0217, device='cuda:0'), tensor(0.0218, device='cuda:0'), tensor(0.0222, device='cuda:0'), tensor(0.0217, device='cuda:0'), tensor(0.0221, device='cuda:0'), tensor(0.0217, device='cuda:0'), tensor(0.0219, device='cuda:0'), tensor(0.0217, device='cuda:0'), tensor(0.0219, device='cuda:0'), tensor(0.0218, device='cuda:0'), tensor(0.0218, device='cuda:0'), tensor(0.0218, device='cuda:0'), tensor(0.0218, device='cuda:0'), tensor(0.0217, device='cuda:0'), tensor(0.0221, device='cuda:0'), tensor(0.0219, device='cuda:0'), tensor(0.0218, device='cuda:0'), tensor(0.0217, device='cuda:0'), tensor(0.0216, device='cuda:0'), tensor(0.0216, device='cuda:0'), tensor(0.0218, device='cuda:0'), tensor(0.0218, device='cuda:0'), tensor(0.0219, device='cuda:0'), tensor(0.0216, device='cuda:0'), tensor(0.0219, device='cuda:0'), tensor(0.0218, device='cuda:0'), tensor(0.0217, device='cuda:0'), tensor(0.0217, device='cuda:0'), tensor(0.0220, device='cuda:0'), tensor(0.0218, device='cuda:0'), tensor(0.0215, device='cuda:0'), tensor(0.0217, device='cuda:0'), tensor(0.0217, device='cuda:0'), tensor(0.0218, device='cuda:0'), tensor(0.0217, device='cuda:0'), tensor(0.0220, device='cuda:0'), tensor(0.0217, device='cuda:0'), tensor(0.0216, device='cuda:0'), tensor(0.0218, device='cuda:0'), tensor(0.0218, device='cuda:0'), tensor(0.0220, device='cuda:0'), tensor(0.0216, device='cuda:0'), tensor(0.0218, device='cuda:0'), tensor(0.0216, device='cuda:0'), tensor(0.0217, device='cuda:0'), tensor(0.0215, device='cuda:0'), tensor(0.0216, device='cuda:0'), tensor(0.0217, device='cuda:0'), tensor(0.0218, device='cuda:0'), tensor(0.0218, device='cuda:0'), tensor(0.0218, device='cuda:0'), tensor(0.0216, device='cuda:0'), tensor(0.0217, device='cuda:0'), tensor(0.0218, device='cuda:0'), tensor(0.0216, device='cuda:0'), tensor(0.0217, device='cuda:0'), tensor(0.0218, device='cuda:0'), tensor(0.0219, device='cuda:0'), tensor(0.0220, device='cuda:0'), tensor(0.0215, device='cuda:0'), tensor(0.0216, device='cuda:0'), tensor(0.0218, device='cuda:0'), tensor(0.0217, device='cuda:0'), tensor(0.0220, device='cuda:0'), tensor(0.0218, device='cuda:0'), tensor(0.0217, device='cuda:0'), tensor(0.0217, device='cuda:0'), tensor(0.0217, device='cuda:0'), tensor(0.0219, device='cuda:0'), tensor(0.0217, device='cuda:0'), tensor(0.0218, device='cuda:0'), tensor(0.0214, device='cuda:0'), tensor(0.0219, device='cuda:0'), tensor(0.0216, device='cuda:0'), tensor(0.0216, device='cuda:0'), tensor(0.0219, device='cuda:0'), tensor(0.0219, device='cuda:0'), tensor(0.0219, device='cuda:0'), tensor(0.0219, device='cuda:0')]"
16,"[tensor(0.0211, device='cuda:0'), tensor(0.0217, device='cuda:0'), tensor(0.0215, device='cuda:0'), tensor(0.0217, device='cuda:0'), tensor(0.0217, device='cuda:0'), tensor(0.0216, device='cuda:0'), tensor(0.0213, device='cuda:0'), tensor(0.0213, device='cuda:0'), tensor(0.0216, device='cuda:0'), tensor(0.0214, device='cuda:0'), tensor(0.0212, device='cuda:0'), tensor(0.0212, device='cuda:0'), tensor(0.0218, device='cuda:0'), tensor(0.0214, device='cuda:0'), tensor(0.0213, device='cuda:0'), tensor(0.0214, device='cuda:0'), tensor(0.0216, device='cuda:0'), tensor(0.0214, device='cuda:0'), tensor(0.0215, device='cuda:0'), tensor(0.0214, device='cuda:0'), tensor(0.0214, device='cuda:0'), tensor(0.0212, device='cuda:0'), tensor(0.0216, device='cuda:0'), tensor(0.0212, device='cuda:0'), tensor(0.0212, device='cuda:0'), tensor(0.0214, device='cuda:0'), tensor(0.0215, device='cuda:0'), tensor(0.0216, device='cuda:0'), tensor(0.0213, device='cuda:0'), tensor(0.0211, device='cuda:0'), tensor(0.0214, device='cuda:0'), tensor(0.0216, device='cuda:0'), tensor(0.0217, device='cuda:0'), tensor(0.0216, device='cuda:0'), tensor(0.0219, device='cuda:0'), tensor(0.0212, device='cuda:0'), tensor(0.0213, device='cuda:0'), tensor(0.0215, device='cuda:0'), tensor(0.0214, device='cuda:0'), tensor(0.0212, device='cuda:0'), tensor(0.0211, device='cuda:0'), tensor(0.0213, device='cuda:0'), tensor(0.0212, device='cuda:0'), tensor(0.0212, device='cuda:0'), tensor(0.0213, device='cuda:0'), tensor(0.0218, device='cuda:0'), tensor(0.0212, device='cuda:0'), tensor(0.0214, device='cuda:0'), tensor(0.0211, device='cuda:0'), tensor(0.0217, device='cuda:0'), tensor(0.0213, device='cuda:0'), tensor(0.0211, device='cuda:0'), tensor(0.0212, device='cuda:0'), tensor(0.0211, device='cuda:0'), tensor(0.0213, device='cuda:0'), tensor(0.0214, device='cuda:0'), tensor(0.0215, device='cuda:0'), tensor(0.0214, device='cuda:0'), tensor(0.0214, device='cuda:0'), tensor(0.0213, device='cuda:0'), tensor(0.0213, device='cuda:0'), tensor(0.0214, device='cuda:0'), tensor(0.0213, device='cuda:0'), tensor(0.0214, device='cuda:0'), tensor(0.0214, device='cuda:0'), tensor(0.0211, device='cuda:0'), tensor(0.0212, device='cuda:0'), tensor(0.0213, device='cuda:0'), tensor(0.0213, device='cuda:0'), tensor(0.0218, device='cuda:0'), tensor(0.0215, device='cuda:0'), tensor(0.0213, device='cuda:0'), tensor(0.0214, device='cuda:0'), tensor(0.0215, device='cuda:0'), tensor(0.0215, device='cuda:0'), tensor(0.0211, device='cuda:0'), tensor(0.0214, device='cuda:0'), tensor(0.0215, device='cuda:0'), tensor(0.0214, device='cuda:0'), tensor(0.0215, device='cuda:0'), tensor(0.0214, device='cuda:0'), tensor(0.0212, device='cuda:0'), tensor(0.0211, device='cuda:0'), tensor(0.0213, device='cuda:0'), tensor(0.0214, device='cuda:0'), tensor(0.0213, device='cuda:0'), tensor(0.0215, device='cuda:0'), tensor(0.0215, device='cuda:0'), tensor(0.0213, device='cuda:0'), tensor(0.0214, device='cuda:0'), tensor(0.0212, device='cuda:0'), tensor(0.0212, device='cuda:0'), tensor(0.0212, device='cuda:0'), tensor(0.0214, device='cuda:0'), tensor(0.0214, device='cuda:0'), tensor(0.0215, device='cuda:0'), tensor(0.0213, device='cuda:0'), tensor(0.0216, device='cuda:0'), tensor(0.0213, device='cuda:0'), tensor(0.0212, device='cuda:0')]"
17,"[tensor(0.0205, device='cuda:0'), tensor(0.0210, device='cuda:0'), tensor(0.0212, device='cuda:0'), tensor(0.0214, device='cuda:0'), tensor(0.0209, device='cuda:0'), tensor(0.0211, device='cuda:0'), tensor(0.0209, device='cuda:0'), tensor(0.0209, device='cuda:0'), tensor(0.0210, device='cuda:0'), tensor(0.0214, device='cuda:0'), tensor(0.0212, device='cuda:0'), tensor(0.0210, device='cuda:0'), tensor(0.0208, device='cuda:0'), tensor(0.0211, device='cuda:0'), tensor(0.0209, device='cuda:0'), tensor(0.0207, device='cuda:0'), tensor(0.0214, device='cuda:0'), tensor(0.0213, device='cuda:0'), tensor(0.0208, device='cuda:0'), tensor(0.0210, device='cuda:0'), tensor(0.0208, device='cuda:0'), tensor(0.0209, device='cuda:0'), tensor(0.0209, device='cuda:0'), tensor(0.0217, device='cuda:0'), tensor(0.0211, device='cuda:0'), tensor(0.0215, device='cuda:0'), tensor(0.0208, device='cuda:0'), tensor(0.0213, device='cuda:0'), tensor(0.0210, device='cuda:0'), tensor(0.0216, device='cuda:0'), tensor(0.0210, device='cuda:0'), tensor(0.0210, device='cuda:0'), tensor(0.0210, device='cuda:0'), tensor(0.0210, device='cuda:0'), tensor(0.0210, device='cuda:0'), tensor(0.0215, device='cuda:0'), tensor(0.0213, device='cuda:0'), tensor(0.0210, device='cuda:0'), tensor(0.0208, device='cuda:0'), tensor(0.0207, device='cuda:0'), tensor(0.0207, device='cuda:0'), tensor(0.0211, device='cuda:0'), tensor(0.0211, device='cuda:0'), tensor(0.0214, device='cuda:0'), tensor(0.0208, device='cuda:0'), tensor(0.0212, device='cuda:0'), tensor(0.0211, device='cuda:0'), tensor(0.0209, device='cuda:0'), tensor(0.0207, device='cuda:0'), tensor(0.0213, device='cuda:0'), tensor(0.0213, device='cuda:0'), tensor(0.0205, device='cuda:0'), tensor(0.0210, device='cuda:0'), tensor(0.0212, device='cuda:0'), tensor(0.0208, device='cuda:0'), tensor(0.0210, device='cuda:0'), tensor(0.0215, device='cuda:0'), tensor(0.0208, device='cuda:0'), tensor(0.0210, device='cuda:0'), tensor(0.0208, device='cuda:0'), tensor(0.0210, device='cuda:0'), tensor(0.0215, device='cuda:0'), tensor(0.0208, device='cuda:0'), tensor(0.0209, device='cuda:0'), tensor(0.0207, device='cuda:0'), tensor(0.0209, device='cuda:0'), tensor(0.0208, device='cuda:0'), tensor(0.0207, device='cuda:0'), tensor(0.0209, device='cuda:0'), tensor(0.0210, device='cuda:0'), tensor(0.0210, device='cuda:0'), tensor(0.0211, device='cuda:0'), tensor(0.0207, device='cuda:0'), tensor(0.0209, device='cuda:0'), tensor(0.0210, device='cuda:0'), tensor(0.0207, device='cuda:0'), tensor(0.0210, device='cuda:0'), tensor(0.0212, device='cuda:0'), tensor(0.0211, device='cuda:0'), tensor(0.0214, device='cuda:0'), tensor(0.0206, device='cuda:0'), tensor(0.0210, device='cuda:0'), tensor(0.0210, device='cuda:0'), tensor(0.0209, device='cuda:0'), tensor(0.0213, device='cuda:0'), tensor(0.0212, device='cuda:0'), tensor(0.0210, device='cuda:0'), tensor(0.0210, device='cuda:0'), tensor(0.0209, device='cuda:0'), tensor(0.0213, device='cuda:0'), tensor(0.0211, device='cuda:0'), tensor(0.0211, device='cuda:0'), tensor(0.0204, device='cuda:0'), tensor(0.0210, device='cuda:0'), tensor(0.0208, device='cuda:0'), tensor(0.0207, device='cuda:0'), tensor(0.0215, device='cuda:0'), tensor(0.0212, device='cuda:0'), tensor(0.0214, device='cuda:0'), tensor(0.0211, device='cuda:0')]"
18,"[tensor(0.0203, device='cuda:0'), tensor(0.0213, device='cuda:0'), tensor(0.0210, device='cuda:0'), tensor(0.0212, device='cuda:0'), tensor(0.0213, device='cuda:0'), tensor(0.0210, device='cuda:0'), tensor(0.0205, device='cuda:0'), tensor(0.0205, device='cuda:0'), tensor(0.0212, device='cuda:0'), tensor(0.0207, device='cuda:0'), tensor(0.0205, device='cuda:0'), tensor(0.0203, device='cuda:0'), tensor(0.0213, device='cuda:0'), tensor(0.0207, device='cuda:0'), tensor(0.0205, device='cuda:0'), tensor(0.0206, device='cuda:0'), tensor(0.0208, device='cuda:0'), tensor(0.0207, device='cuda:0'), tensor(0.0209, device='cuda:0'), tensor(0.0206, device='cuda:0'), tensor(0.0205, device='cuda:0'), tensor(0.0205, device='cuda:0'), tensor(0.0208, device='cuda:0'), tensor(0.0204, device='cuda:0'), tensor(0.0203, device='cuda:0'), tensor(0.0207, device='cuda:0'), tensor(0.0207, device='cuda:0'), tensor(0.0210, device='cuda:0'), tensor(0.0207, device='cuda:0'), tensor(0.0203, device='cuda:0'), tensor(0.0209, device='cuda:0'), tensor(0.0209, device='cuda:0'), tensor(0.0210, device='cuda:0'), tensor(0.0209, device='cuda:0'), tensor(0.0214, device='cuda:0'), tensor(0.0208, device='cuda:0'), tensor(0.0203, device='cuda:0'), tensor(0.0209, device='cuda:0'), tensor(0.0208, device='cuda:0'), tensor(0.0204, device='cuda:0'), tensor(0.0203, device='cuda:0'), tensor(0.0209, device='cuda:0'), tensor(0.0204, device='cuda:0'), tensor(0.0206, device='cuda:0'), tensor(0.0204, device='cuda:0'), tensor(0.0213, device='cuda:0'), tensor(0.0204, device='cuda:0'), tensor(0.0208, device='cuda:0'), tensor(0.0201, device='cuda:0'), tensor(0.0210, device='cuda:0'), tensor(0.0205, device='cuda:0'), tensor(0.0203, device='cuda:0'), tensor(0.0205, device='cuda:0'), tensor(0.0203, device='cuda:0'), tensor(0.0203, device='cuda:0'), tensor(0.0207, device='cuda:0'), tensor(0.0207, device='cuda:0'), tensor(0.0206, device='cuda:0'), tensor(0.0210, device='cuda:0'), tensor(0.0203, device='cuda:0'), tensor(0.0206, device='cuda:0'), tensor(0.0207, device='cuda:0'), tensor(0.0207, device='cuda:0'), tensor(0.0207, device='cuda:0'), tensor(0.0207, device='cuda:0'), tensor(0.0201, device='cuda:0'), tensor(0.0207, device='cuda:0'), tensor(0.0205, device='cuda:0'), tensor(0.0206, device='cuda:0'), tensor(0.0210, device='cuda:0'), tensor(0.0211, device='cuda:0'), tensor(0.0205, device='cuda:0'), tensor(0.0206, device='cuda:0'), tensor(0.0208, device='cuda:0'), tensor(0.0209, device='cuda:0'), tensor(0.0203, device='cuda:0'), tensor(0.0207, device='cuda:0'), tensor(0.0209, device='cuda:0'), tensor(0.0205, device='cuda:0'), tensor(0.0209, device='cuda:0'), tensor(0.0207, device='cuda:0'), tensor(0.0204, device='cuda:0'), tensor(0.0202, device='cuda:0'), tensor(0.0205, device='cuda:0'), tensor(0.0205, device='cuda:0'), tensor(0.0207, device='cuda:0'), tensor(0.0208, device='cuda:0'), tensor(0.0209, device='cuda:0'), tensor(0.0206, device='cuda:0'), tensor(0.0206, device='cuda:0'), tensor(0.0206, device='cuda:0'), tensor(0.0203, device='cuda:0'), tensor(0.0203, device='cuda:0'), tensor(0.0206, device='cuda:0'), tensor(0.0208, device='cuda:0'), tensor(0.0209, device='cuda:0'), tensor(0.0206, device='cuda:0'), tensor(0.0208, device='cuda:0'), tensor(0.0204, device='cuda:0'), tensor(0.0202, device='cuda:0')]"
19,"[tensor(0.0197, device='cuda:0'), tensor(0.0203, device='cuda:0'), tensor(0.0207, device='cuda:0'), tensor(0.0208, device='cuda:0'), tensor(0.0203, device='cuda:0'), tensor(0.0205, device='cuda:0'), tensor(0.0203, device='cuda:0'), tensor(0.0202, device='cuda:0'), tensor(0.0204, device='cuda:0'), tensor(0.0207, device='cuda:0'), tensor(0.0208, device='cuda:0'), tensor(0.0202, device='cuda:0'), tensor(0.0200, device='cuda:0'), tensor(0.0205, device='cuda:0'), tensor(0.0201, device='cuda:0'), tensor(0.0199, device='cuda:0'), tensor(0.0208, device='cuda:0'), tensor(0.0208, device='cuda:0'), tensor(0.0201, device='cuda:0'), tensor(0.0204, device='cuda:0'), tensor(0.0201, device='cuda:0'), tensor(0.0203, device='cuda:0'), tensor(0.0204, device='cuda:0'), tensor(0.0211, device='cuda:0'), tensor(0.0207, device='cuda:0'), tensor(0.0210, device='cuda:0'), tensor(0.0202, device='cuda:0'), tensor(0.0206, device='cuda:0'), tensor(0.0204, device='cuda:0'), tensor(0.0210, device='cuda:0'), tensor(0.0204, device='cuda:0'), tensor(0.0204, device='cuda:0'), tensor(0.0203, device='cuda:0'), tensor(0.0204, device='cuda:0'), tensor(0.0201, device='cuda:0'), tensor(0.0210, device='cuda:0'), tensor(0.0207, device='cuda:0'), tensor(0.0204, device='cuda:0'), tensor(0.0200, device='cuda:0'), tensor(0.0199, device='cuda:0'), tensor(0.0202, device='cuda:0'), tensor(0.0205, device='cuda:0'), tensor(0.0207, device='cuda:0'), tensor(0.0208, device='cuda:0'), tensor(0.0203, device='cuda:0'), tensor(0.0205, device='cuda:0'), tensor(0.0206, device='cuda:0'), tensor(0.0203, device='cuda:0'), tensor(0.0200, device='cuda:0'), tensor(0.0206, device='cuda:0'), tensor(0.0210, device='cuda:0'), tensor(0.0197, device='cuda:0'), tensor(0.0205, device='cuda:0'), tensor(0.0209, device='cuda:0'), tensor(0.0199, device='cuda:0'), tensor(0.0205, device='cuda:0'), tensor(0.0210, device='cuda:0'), tensor(0.0203, device='cuda:0'), tensor(0.0204, device='cuda:0'), tensor(0.0200, device='cuda:0'), tensor(0.0207, device='cuda:0'), tensor(0.0209, device='cuda:0'), tensor(0.0201, device='cuda:0'), tensor(0.0205, device='cuda:0'), tensor(0.0201, device='cuda:0'), tensor(0.0202, device='cuda:0'), tensor(0.0204, device='cuda:0'), tensor(0.0200, device='cuda:0'), tensor(0.0203, device='cuda:0'), tensor(0.0203, device='cuda:0'), tensor(0.0203, device='cuda:0'), tensor(0.0204, device='cuda:0'), tensor(0.0199, device='cuda:0'), tensor(0.0203, device='cuda:0'), tensor(0.0203, device='cuda:0'), tensor(0.0200, device='cuda:0'), tensor(0.0204, device='cuda:0'), tensor(0.0206, device='cuda:0'), tensor(0.0204, device='cuda:0'), tensor(0.0210, device='cuda:0'), tensor(0.0197, device='cuda:0'), tensor(0.0206, device='cuda:0'), tensor(0.0203, device='cuda:0'), tensor(0.0204, device='cuda:0'), tensor(0.0206, device='cuda:0'), tensor(0.0206, device='cuda:0'), tensor(0.0205, device='cuda:0'), tensor(0.0205, device='cuda:0'), tensor(0.0201, device='cuda:0'), tensor(0.0209, device='cuda:0'), tensor(0.0207, device='cuda:0'), tensor(0.0208, device='cuda:0'), tensor(0.0198, device='cuda:0'), tensor(0.0205, device='cuda:0'), tensor(0.0201, device='cuda:0'), tensor(0.0201, device='cuda:0'), tensor(0.0209, device='cuda:0'), tensor(0.0206, device='cuda:0'), tensor(0.0210, device='cuda:0'), tensor(0.0206, device='cuda:0')]"
20,"[tensor(0.0198, device='cuda:0'), tensor(0.0207, device='cuda:0'), tensor(0.0206, device='cuda:0'), tensor(0.0205, device='cuda:0'), tensor(0.0209, device='cuda:0'), tensor(0.0205, device='cuda:0'), tensor(0.0201, device='cuda:0'), tensor(0.0201, device='cuda:0'), tensor(0.0208, device='cuda:0'), tensor(0.0202, device='cuda:0'), tensor(0.0198, device='cuda:0'), tensor(0.0197, device='cuda:0'), tensor(0.0208, device='cuda:0'), tensor(0.0202, device='cuda:0'), tensor(0.0199, device='cuda:0'), tensor(0.0200, device='cuda:0'), tensor(0.0203, device='cuda:0'), tensor(0.0204, device='cuda:0'), tensor(0.0205, device='cuda:0'), tensor(0.0201, device='cuda:0'), tensor(0.0199, device='cuda:0'), tensor(0.0201, device='cuda:0'), tensor(0.0201, device='cuda:0'), tensor(0.0198, device='cuda:0'), tensor(0.0199, device='cuda:0'), tensor(0.0202, device='cuda:0'), tensor(0.0202, device='cuda:0'), tensor(0.0204, device='cuda:0'), tensor(0.0201, device='cuda:0'), tensor(0.0197, device='cuda:0'), tensor(0.0206, device='cuda:0'), tensor(0.0206, device='cuda:0'), tensor(0.0204, device='cuda:0'), tensor(0.0204, device='cuda:0'), tensor(0.0211, device='cuda:0'), tensor(0.0205, device='cuda:0'), tensor(0.0196, device='cuda:0'), tensor(0.0205, device='cuda:0'), tensor(0.0205, device='cuda:0'), tensor(0.0198, device='cuda:0'), tensor(0.0199, device='cuda:0'), tensor(0.0205, device='cuda:0'), tensor(0.0200, device='cuda:0'), tensor(0.0202, device='cuda:0'), tensor(0.0199, device='cuda:0'), tensor(0.0207, device='cuda:0'), tensor(0.0200, device='cuda:0'), tensor(0.0204, device='cuda:0'), tensor(0.0195, device='cuda:0'), tensor(0.0204, device='cuda:0'), tensor(0.0199, device='cuda:0'), tensor(0.0199, device='cuda:0'), tensor(0.0200, device='cuda:0'), tensor(0.0199, device='cuda:0'), tensor(0.0198, device='cuda:0'), tensor(0.0202, device='cuda:0'), tensor(0.0200, device='cuda:0'), tensor(0.0199, device='cuda:0'), tensor(0.0205, device='cuda:0'), tensor(0.0197, device='cuda:0'), tensor(0.0202, device='cuda:0'), tensor(0.0201, device='cuda:0'), tensor(0.0203, device='cuda:0'), tensor(0.0201, device='cuda:0'), tensor(0.0203, device='cuda:0'), tensor(0.0194, device='cuda:0'), tensor(0.0202, device='cuda:0'), tensor(0.0200, device='cuda:0'), tensor(0.0201, device='cuda:0'), tensor(0.0204, device='cuda:0'), tensor(0.0207, device='cuda:0'), tensor(0.0201, device='cuda:0'), tensor(0.0201, device='cuda:0'), tensor(0.0203, device='cuda:0'), tensor(0.0205, device='cuda:0'), tensor(0.0199, device='cuda:0'), tensor(0.0201, device='cuda:0'), tensor(0.0204, device='cuda:0'), tensor(0.0199, device='cuda:0'), tensor(0.0204, device='cuda:0'), tensor(0.0203, device='cuda:0'), tensor(0.0200, device='cuda:0'), tensor(0.0195, device='cuda:0'), tensor(0.0200, device='cuda:0'), tensor(0.0199, device='cuda:0'), tensor(0.0202, device='cuda:0'), tensor(0.0205, device='cuda:0'), tensor(0.0205, device='cuda:0'), tensor(0.0202, device='cuda:0'), tensor(0.0201, device='cuda:0'), tensor(0.0200, device='cuda:0'), tensor(0.0198, device='cuda:0'), tensor(0.0199, device='cuda:0'), tensor(0.0201, device='cuda:0'), tensor(0.0204, device='cuda:0'), tensor(0.0206, device='cuda:0'), tensor(0.0199, device='cuda:0'), tensor(0.0202, device='cuda:0'), tensor(0.0198, device='cuda:0'), tensor(0.0196, device='cuda:0')]"
21,"[tensor(0.0192, device='cuda:0'), tensor(0.0197, device='cuda:0'), tensor(0.0203, device='cuda:0'), tensor(0.0202, device='cuda:0'), tensor(0.0198, device='cuda:0'), tensor(0.0200, device='cuda:0'), tensor(0.0199, device='cuda:0'), tensor(0.0197, device='cuda:0'), tensor(0.0200, device='cuda:0'), tensor(0.0203, device='cuda:0'), tensor(0.0203, device='cuda:0'), tensor(0.0198, device='cuda:0'), tensor(0.0193, device='cuda:0'), tensor(0.0200, device='cuda:0'), tensor(0.0195, device='cuda:0'), tensor(0.0195, device='cuda:0'), tensor(0.0203, device='cuda:0'), tensor(0.0205, device='cuda:0'), tensor(0.0197, device='cuda:0'), tensor(0.0200, device='cuda:0'), tensor(0.0200, device='cuda:0'), tensor(0.0199, device='cuda:0'), tensor(0.0199, device='cuda:0'), tensor(0.0207, device='cuda:0'), tensor(0.0204, device='cuda:0'), tensor(0.0207, device='cuda:0'), tensor(0.0199, device='cuda:0'), tensor(0.0202, device='cuda:0'), tensor(0.0199, device='cuda:0'), tensor(0.0206, device='cuda:0'), tensor(0.0200, device='cuda:0'), tensor(0.0201, device='cuda:0'), tensor(0.0199, device='cuda:0'), tensor(0.0199, device='cuda:0'), tensor(0.0196, device='cuda:0'), tensor(0.0205, device='cuda:0'), tensor(0.0202, device='cuda:0'), tensor(0.0199, device='cuda:0'), tensor(0.0194, device='cuda:0'), tensor(0.0193, device='cuda:0'), tensor(0.0199, device='cuda:0'), tensor(0.0200, device='cuda:0'), tensor(0.0203, device='cuda:0'), tensor(0.0202, device='cuda:0'), tensor(0.0200, device='cuda:0'), tensor(0.0199, device='cuda:0'), tensor(0.0202, device='cuda:0'), tensor(0.0198, device='cuda:0'), tensor(0.0197, device='cuda:0'), tensor(0.0201, device='cuda:0'), tensor(0.0206, device='cuda:0'), tensor(0.0193, device='cuda:0'), tensor(0.0201, device='cuda:0'), tensor(0.0204, device='cuda:0'), tensor(0.0194, device='cuda:0'), tensor(0.0200, device='cuda:0'), tensor(0.0204, device='cuda:0'), tensor(0.0199, device='cuda:0'), tensor(0.0199, device='cuda:0'), tensor(0.0198, device='cuda:0'), tensor(0.0204, device='cuda:0'), tensor(0.0204, device='cuda:0'), tensor(0.0196, device='cuda:0'), tensor(0.0199, device='cuda:0'), tensor(0.0197, device='cuda:0'), tensor(0.0198, device='cuda:0'), tensor(0.0200, device='cuda:0'), tensor(0.0195, device='cuda:0'), tensor(0.0198, device='cuda:0'), tensor(0.0197, device='cuda:0'), tensor(0.0198, device='cuda:0'), tensor(0.0199, device='cuda:0'), tensor(0.0199, device='cuda:0'), tensor(0.0198, device='cuda:0'), tensor(0.0198, device='cuda:0'), tensor(0.0196, device='cuda:0'), tensor(0.0199, device='cuda:0'), tensor(0.0202, device='cuda:0'), tensor(0.0198, device='cuda:0'), tensor(0.0205, device='cuda:0'), tensor(0.0191, device='cuda:0'), tensor(0.0201, device='cuda:0'), tensor(0.0199, device='cuda:0'), tensor(0.0200, device='cuda:0'), tensor(0.0203, device='cuda:0'), tensor(0.0202, device='cuda:0'), tensor(0.0201, device='cuda:0'), tensor(0.0202, device='cuda:0'), tensor(0.0195, device='cuda:0'), tensor(0.0204, device='cuda:0'), tensor(0.0204, device='cuda:0'), tensor(0.0206, device='cuda:0'), tensor(0.0197, device='cuda:0'), tensor(0.0201, device='cuda:0'), tensor(0.0198, device='cuda:0'), tensor(0.0198, device='cuda:0'), tensor(0.0205, device='cuda:0'), tensor(0.0201, device='cuda:0'), tensor(0.0205, device='cuda:0'), tensor(0.0202, device='cuda:0')]"
22,"[tensor(0.0195, device='cuda:0'), tensor(0.0202, device='cuda:0'), tensor(0.0201, device='cuda:0'), tensor(0.0199, device='cuda:0'), tensor(0.0205, device='cuda:0'), tensor(0.0202, device='cuda:0'), tensor(0.0196, device='cuda:0'), tensor(0.0197, device='cuda:0'), tensor(0.0204, device='cuda:0'), tensor(0.0198, device='cuda:0'), tensor(0.0195, device='cuda:0'), tensor(0.0194, device='cuda:0'), tensor(0.0204, device='cuda:0'), tensor(0.0198, device='cuda:0'), tensor(0.0194, device='cuda:0'), tensor(0.0197, device='cuda:0'), tensor(0.0199, device='cuda:0'), tensor(0.0202, device='cuda:0'), tensor(0.0202, device='cuda:0'), tensor(0.0196, device='cuda:0'), tensor(0.0200, device='cuda:0'), tensor(0.0197, device='cuda:0'), tensor(0.0197, device='cuda:0'), tensor(0.0193, device='cuda:0'), tensor(0.0195, device='cuda:0'), tensor(0.0200, device='cuda:0'), tensor(0.0198, device='cuda:0'), tensor(0.0200, device='cuda:0'), tensor(0.0197, device='cuda:0'), tensor(0.0193, device='cuda:0'), tensor(0.0203, device='cuda:0'), tensor(0.0204, device='cuda:0'), tensor(0.0201, device='cuda:0'), tensor(0.0200, device='cuda:0'), tensor(0.0207, device='cuda:0'), tensor(0.0203, device='cuda:0'), tensor(0.0191, device='cuda:0'), tensor(0.0200, device='cuda:0'), tensor(0.0202, device='cuda:0'), tensor(0.0195, device='cuda:0'), tensor(0.0196, device='cuda:0'), tensor(0.0200, device='cuda:0'), tensor(0.0197, device='cuda:0'), tensor(0.0200, device='cuda:0'), tensor(0.0195, device='cuda:0'), tensor(0.0203, device='cuda:0'), tensor(0.0196, device='cuda:0'), tensor(0.0201, device='cuda:0'), tensor(0.0192, device='cuda:0'), tensor(0.0200, device='cuda:0'), tensor(0.0194, device='cuda:0'), tensor(0.0196, device='cuda:0'), tensor(0.0197, device='cuda:0'), tensor(0.0196, device='cuda:0'), tensor(0.0195, device='cuda:0'), tensor(0.0197, device='cuda:0'), tensor(0.0196, device='cuda:0'), tensor(0.0194, device='cuda:0'), tensor(0.0201, device='cuda:0'), tensor(0.0196, device='cuda:0'), tensor(0.0199, device='cuda:0'), tensor(0.0196, device='cuda:0'), tensor(0.0201, device='cuda:0'), tensor(0.0195, device='cuda:0'), tensor(0.0200, device='cuda:0'), tensor(0.0190, device='cuda:0'), tensor(0.0198, device='cuda:0'), tensor(0.0197, device='cuda:0'), tensor(0.0196, device='cuda:0'), tensor(0.0199, device='cuda:0'), tensor(0.0204, device='cuda:0'), tensor(0.0197, device='cuda:0'), tensor(0.0199, device='cuda:0'), tensor(0.0200, device='cuda:0'), tensor(0.0201, device='cuda:0'), tensor(0.0198, device='cuda:0'), tensor(0.0197, device='cuda:0'), tensor(0.0200, device='cuda:0'), tensor(0.0195, device='cuda:0'), tensor(0.0201, device='cuda:0'), tensor(0.0202, device='cuda:0'), tensor(0.0197, device='cuda:0'), tensor(0.0191, device='cuda:0'), tensor(0.0195, device='cuda:0'), tensor(0.0196, device='cuda:0'), tensor(0.0199, device='cuda:0'), tensor(0.0200, device='cuda:0'), tensor(0.0201, device='cuda:0'), tensor(0.0197, device='cuda:0'), tensor(0.0197, device='cuda:0'), tensor(0.0195, device='cuda:0'), tensor(0.0195, device='cuda:0'), tensor(0.0195, device='cuda:0'), tensor(0.0196, device='cuda:0'), tensor(0.0199, device='cuda:0'), tensor(0.0202, device='cuda:0'), tensor(0.0195, device='cuda:0'), tensor(0.0197, device='cuda:0'), tensor(0.0194, device='cuda:0'), tensor(0.0192, device='cuda:0')]"
23,"[tensor(0.0187, device='cuda:0'), tensor(0.0194, device='cuda:0'), tensor(0.0200, device='cuda:0'), tensor(0.0198, device='cuda:0'), tensor(0.0196, device='cuda:0'), tensor(0.0196, device='cuda:0'), tensor(0.0196, device='cuda:0'), tensor(0.0195, device='cuda:0'), tensor(0.0197, device='cuda:0'), tensor(0.0199, device='cuda:0'), tensor(0.0198, device='cuda:0'), tensor(0.0195, device='cuda:0'), tensor(0.0188, device='cuda:0'), tensor(0.0197, device='cuda:0'), tensor(0.0191, device='cuda:0'), tensor(0.0191, device='cuda:0'), tensor(0.0199, device='cuda:0'), tensor(0.0199, device='cuda:0'), tensor(0.0195, device='cuda:0'), tensor(0.0196, device='cuda:0'), tensor(0.0199, device='cuda:0'), tensor(0.0195, device='cuda:0'), tensor(0.0195, device='cuda:0'), tensor(0.0203, device='cuda:0'), tensor(0.0200, device='cuda:0'), tensor(0.0203, device='cuda:0'), tensor(0.0197, device='cuda:0'), tensor(0.0200, device='cuda:0'), tensor(0.0195, device='cuda:0'), tensor(0.0201, device='cuda:0'), tensor(0.0197, device='cuda:0'), tensor(0.0198, device='cuda:0'), tensor(0.0197, device='cuda:0'), tensor(0.0195, device='cuda:0'), tensor(0.0194, device='cuda:0'), tensor(0.0201, device='cuda:0'), tensor(0.0197, device='cuda:0'), tensor(0.0195, device='cuda:0'), tensor(0.0190, device='cuda:0'), tensor(0.0190, device='cuda:0'), tensor(0.0195, device='cuda:0'), tensor(0.0196, device='cuda:0'), tensor(0.0200, device='cuda:0'), tensor(0.0198, device='cuda:0'), tensor(0.0196, device='cuda:0'), tensor(0.0195, device='cuda:0'), tensor(0.0198, device='cuda:0'), tensor(0.0194, device='cuda:0'), tensor(0.0194, device='cuda:0'), tensor(0.0197, device='cuda:0'), tensor(0.0202, device='cuda:0'), tensor(0.0189, device='cuda:0'), tensor(0.0198, device='cuda:0'), tensor(0.0200, device='cuda:0'), tensor(0.0191, device='cuda:0'), tensor(0.0196, device='cuda:0'), tensor(0.0200, device='cuda:0'), tensor(0.0196, device='cuda:0'), tensor(0.0196, device='cuda:0'), tensor(0.0194, device='cuda:0'), tensor(0.0201, device='cuda:0'), tensor(0.0199, device='cuda:0'), tensor(0.0193, device='cuda:0'), tensor(0.0195, device='cuda:0'), tensor(0.0194, device='cuda:0'), tensor(0.0194, device='cuda:0'), tensor(0.0196, device='cuda:0'), tensor(0.0192, device='cuda:0'), tensor(0.0194, device='cuda:0'), tensor(0.0194, device='cuda:0'), tensor(0.0194, device='cuda:0'), tensor(0.0195, device='cuda:0'), tensor(0.0197, device='cuda:0'), tensor(0.0196, device='cuda:0'), tensor(0.0195, device='cuda:0'), tensor(0.0191, device='cuda:0'), tensor(0.0196, device='cuda:0'), tensor(0.0199, device='cuda:0'), tensor(0.0195, device='cuda:0'), tensor(0.0201, device='cuda:0'), tensor(0.0187, device='cuda:0'), tensor(0.0197, device='cuda:0'), tensor(0.0197, device='cuda:0'), tensor(0.0195, device='cuda:0'), tensor(0.0201, device='cuda:0'), tensor(0.0198, device='cuda:0'), tensor(0.0200, device='cuda:0'), tensor(0.0199, device='cuda:0'), tensor(0.0192, device='cuda:0'), tensor(0.0200, device='cuda:0'), tensor(0.0202, device='cuda:0'), tensor(0.0203, device='cuda:0'), tensor(0.0195, device='cuda:0'), tensor(0.0198, device='cuda:0'), tensor(0.0196, device='cuda:0'), tensor(0.0195, device='cuda:0'), tensor(0.0202, device='cuda:0'), tensor(0.0198, device='cuda:0'), tensor(0.0200, device='cuda:0'), tensor(0.0199, device='cuda:0')]"
24,"[tensor(0.0191, device='cuda:0'), tensor(0.0199, device='cuda:0'), tensor(0.0198, device='cuda:0'), tensor(0.0195, device='cuda:0'), tensor(0.0202, device='cuda:0'), tensor(0.0200, device='cuda:0'), tensor(0.0193, device='cuda:0'), tensor(0.0194, device='cuda:0'), tensor(0.0200, device='cuda:0'), tensor(0.0195, device='cuda:0'), tensor(0.0192, device='cuda:0'), tensor(0.0192, device='cuda:0'), tensor(0.0199, device='cuda:0'), tensor(0.0195, device='cuda:0'), tensor(0.0190, device='cuda:0'), tensor(0.0193, device='cuda:0'), tensor(0.0197, device='cuda:0'), tensor(0.0201, device='cuda:0'), tensor(0.0199, device='cuda:0'), tensor(0.0192, device='cuda:0'), tensor(0.0197, device='cuda:0'), tensor(0.0192, device='cuda:0'), tensor(0.0193, device='cuda:0'), tensor(0.0191, device='cuda:0'), tensor(0.0193, device='cuda:0'), tensor(0.0198, device='cuda:0'), tensor(0.0194, device='cuda:0'), tensor(0.0196, device='cuda:0'), tensor(0.0193, device='cuda:0'), tensor(0.0190, device='cuda:0'), tensor(0.0199, device='cuda:0'), tensor(0.0201, device='cuda:0'), tensor(0.0198, device='cuda:0'), tensor(0.0197, device='cuda:0'), tensor(0.0204, device='cuda:0'), tensor(0.0201, device='cuda:0'), tensor(0.0188, device='cuda:0'), tensor(0.0197, device='cuda:0'), tensor(0.0200, device='cuda:0'), tensor(0.0194, device='cuda:0'), tensor(0.0193, device='cuda:0'), tensor(0.0196, device='cuda:0'), tensor(0.0194, device='cuda:0'), tensor(0.0197, device='cuda:0'), tensor(0.0191, device='cuda:0'), tensor(0.0199, device='cuda:0'), tensor(0.0195, device='cuda:0'), tensor(0.0198, device='cuda:0'), tensor(0.0190, device='cuda:0'), tensor(0.0196, device='cuda:0'), tensor(0.0190, device='cuda:0'), tensor(0.0193, device='cuda:0'), tensor(0.0195, device='cuda:0'), tensor(0.0193, device='cuda:0'), tensor(0.0191, device='cuda:0'), tensor(0.0194, device='cuda:0'), tensor(0.0192, device='cuda:0'), tensor(0.0190, device='cuda:0'), tensor(0.0198, device='cuda:0'), tensor(0.0193, device='cuda:0'), tensor(0.0196, device='cuda:0'), tensor(0.0192, device='cuda:0'), tensor(0.0198, device='cuda:0'), tensor(0.0192, device='cuda:0'), tensor(0.0196, device='cuda:0'), tensor(0.0187, device='cuda:0'), tensor(0.0195, device='cuda:0'), tensor(0.0194, device='cuda:0'), tensor(0.0193, device='cuda:0'), tensor(0.0195, device='cuda:0'), tensor(0.0201, device='cuda:0'), tensor(0.0193, device='cuda:0'), tensor(0.0194, device='cuda:0'), tensor(0.0197, device='cuda:0'), tensor(0.0197, device='cuda:0'), tensor(0.0196, device='cuda:0'), tensor(0.0194, device='cuda:0'), tensor(0.0197, device='cuda:0'), tensor(0.0191, device='cuda:0'), tensor(0.0198, device='cuda:0'), tensor(0.0199, device='cuda:0'), tensor(0.0196, device='cuda:0'), tensor(0.0187, device='cuda:0'), tensor(0.0192, device='cuda:0'), tensor(0.0194, device='cuda:0'), tensor(0.0196, device='cuda:0'), tensor(0.0197, device='cuda:0'), tensor(0.0198, device='cuda:0'), tensor(0.0193, device='cuda:0'), tensor(0.0193, device='cuda:0'), tensor(0.0192, device='cuda:0'), tensor(0.0191, device='cuda:0'), tensor(0.0191, device='cuda:0'), tensor(0.0193, device='cuda:0'), tensor(0.0195, device='cuda:0'), tensor(0.0199, device='cuda:0'), tensor(0.0192, device='cuda:0'), tensor(0.0193, device='cuda:0'), tensor(0.0190, device='cuda:0'), tensor(0.0189, device='cuda:0')]"
25,"[tensor(0.0184, device='cuda:0'), tensor(0.0193, device='cuda:0'), tensor(0.0201, device='cuda:0'), tensor(0.0195, device='cuda:0'), tensor(0.0193, device='cuda:0'), tensor(0.0193, device='cuda:0'), tensor(0.0194, device='cuda:0'), tensor(0.0195, device='cuda:0'), tensor(0.0194, device='cuda:0'), tensor(0.0196, device='cuda:0'), tensor(0.0195, device='cuda:0'), tensor(0.0193, device='cuda:0'), tensor(0.0184, device='cuda:0'), tensor(0.0194, device='cuda:0'), tensor(0.0190, device='cuda:0'), tensor(0.0198, device='cuda:0'), tensor(0.0195, device='cuda:0'), tensor(0.0195, device='cuda:0'), tensor(0.0192, device='cuda:0'), tensor(0.0193, device='cuda:0'), tensor(0.0199, device='cuda:0'), tensor(0.0191, device='cuda:0'), tensor(0.0191, device='cuda:0'), tensor(0.0199, device='cuda:0'), tensor(0.0196, device='cuda:0'), tensor(0.0200, device='cuda:0'), tensor(0.0197, device='cuda:0'), tensor(0.0197, device='cuda:0'), tensor(0.0192, device='cuda:0'), tensor(0.0197, device='cuda:0'), tensor(0.0203, device='cuda:0'), tensor(0.0201, device='cuda:0'), tensor(0.0196, device='cuda:0'), tensor(0.0192, device='cuda:0'), tensor(0.0192, device='cuda:0'), tensor(0.0197, device='cuda:0'), tensor(0.0193, device='cuda:0'), tensor(0.0192, device='cuda:0'), tensor(0.0186, device='cuda:0'), tensor(0.0188, device='cuda:0'), tensor(0.0192, device='cuda:0'), tensor(0.0194, device='cuda:0'), tensor(0.0199, device='cuda:0'), tensor(0.0195, device='cuda:0'), tensor(0.0195, device='cuda:0'), tensor(0.0201, device='cuda:0'), tensor(0.0195, device='cuda:0'), tensor(0.0191, device='cuda:0'), tensor(0.0191, device='cuda:0'), tensor(0.0194, device='cuda:0'), tensor(0.0199, device='cuda:0'), tensor(0.0186, device='cuda:0'), tensor(0.0195, device='cuda:0'), tensor(0.0197, device='cuda:0'), tensor(0.0193, device='cuda:0'), tensor(0.0197, device='cuda:0'), tensor(0.0196, device='cuda:0'), tensor(0.0193, device='cuda:0'), tensor(0.0198, device='cuda:0'), tensor(0.0197, device='cuda:0'), tensor(0.0199, device='cuda:0'), tensor(0.0196, device='cuda:0'), tensor(0.0190, device='cuda:0'), tensor(0.0192, device='cuda:0'), tensor(0.0200, device='cuda:0'), tensor(0.0193, device='cuda:0'), tensor(0.0192, device='cuda:0'), tensor(0.0188, device='cuda:0'), tensor(0.0191, device='cuda:0'), tensor(0.0191, device='cuda:0'), tensor(0.0191, device='cuda:0'), tensor(0.0192, device='cuda:0'), tensor(0.0195, device='cuda:0'), tensor(0.0201, device='cuda:0'), tensor(0.0193, device='cuda:0'), tensor(0.0188, device='cuda:0'), tensor(0.0192, device='cuda:0'), tensor(0.0196, device='cuda:0'), tensor(0.0192, device='cuda:0'), tensor(0.0197, device='cuda:0'), tensor(0.0203, device='cuda:0'), tensor(0.0194, device='cuda:0'), tensor(0.0195, device='cuda:0'), tensor(0.0192, device='cuda:0'), tensor(0.0200, device='cuda:0'), tensor(0.0194, device='cuda:0'), tensor(0.0198, device='cuda:0'), tensor(0.0199, device='cuda:0'), tensor(0.0189, device='cuda:0'), tensor(0.0197, device='cuda:0'), tensor(0.0199, device='cuda:0'), tensor(0.0200, device='cuda:0'), tensor(0.0192, device='cuda:0'), tensor(0.0196, device='cuda:0'), tensor(0.0194, device='cuda:0'), tensor(0.0193, device='cuda:0'), tensor(0.0198, device='cuda:0'), tensor(0.0196, device='cuda:0'), tensor(0.0197, device='cuda:0'), tensor(0.0197, device='cuda:0')]"
26,"[tensor(0.0191, device='cuda:0'), tensor(0.0197, device='cuda:0'), tensor(0.0205, device='cuda:0'), tensor(0.0192, device='cuda:0'), tensor(0.0200, device='cuda:0'), tensor(0.0198, device='cuda:0'), tensor(0.0191, device='cuda:0'), tensor(0.0192, device='cuda:0'), tensor(0.0198, device='cuda:0'), tensor(0.0192, device='cuda:0'), tensor(0.0191, device='cuda:0'), tensor(0.0192, device='cuda:0'), tensor(0.0198, device='cuda:0'), tensor(0.0194, device='cuda:0'), tensor(0.0191, device='cuda:0'), tensor(0.0203, device='cuda:0'), tensor(0.0195, device='cuda:0'), tensor(0.0201, device='cuda:0'), tensor(0.0199, device='cuda:0'), tensor(0.0190, device='cuda:0'), tensor(0.0196, device='cuda:0'), tensor(0.0192, device='cuda:0'), tensor(0.0192, device='cuda:0'), tensor(0.0189, device='cuda:0'), tensor(0.0192, device='cuda:0'), tensor(0.0196, device='cuda:0'), tensor(0.0201, device='cuda:0'), tensor(0.0193, device='cuda:0'), tensor(0.0192, device='cuda:0'), tensor(0.0189, device='cuda:0'), tensor(0.0207, device='cuda:0'), tensor(0.0206, device='cuda:0'), tensor(0.0195, device='cuda:0'), tensor(0.0197, device='cuda:0'), tensor(0.0202, device='cuda:0'), tensor(0.0199, device='cuda:0'), tensor(0.0201, device='cuda:0'), tensor(0.0195, device='cuda:0'), tensor(0.0199, device='cuda:0'), tensor(0.0193, device='cuda:0'), tensor(0.0191, device='cuda:0'), tensor(0.0194, device='cuda:0'), tensor(0.0205, device='cuda:0'), tensor(0.0195, device='cuda:0'), tensor(0.0201, device='cuda:0'), tensor(0.0206, device='cuda:0'), tensor(0.0194, device='cuda:0'), tensor(0.0195, device='cuda:0'), tensor(0.0190, device='cuda:0'), tensor(0.0195, device='cuda:0'), tensor(0.0188, device='cuda:0'), tensor(0.0192, device='cuda:0'), tensor(0.0195, device='cuda:0'), tensor(0.0191, device='cuda:0'), tensor(0.0198, device='cuda:0'), tensor(0.0203, device='cuda:0'), tensor(0.0191, device='cuda:0'), tensor(0.0189, device='cuda:0'), tensor(0.0202, device='cuda:0'), tensor(0.0202, device='cuda:0'), tensor(0.0194, device='cuda:0'), tensor(0.0191, device='cuda:0'), tensor(0.0196, device='cuda:0'), tensor(0.0191, device='cuda:0'), tensor(0.0206, device='cuda:0'), tensor(0.0198, device='cuda:0'), tensor(0.0194, device='cuda:0'), tensor(0.0193, device='cuda:0'), tensor(0.0193, device='cuda:0'), tensor(0.0192, device='cuda:0'), tensor(0.0198, device='cuda:0'), tensor(0.0191, device='cuda:0'), tensor(0.0191, device='cuda:0'), tensor(0.0206, device='cuda:0'), tensor(0.0196, device='cuda:0'), tensor(0.0196, device='cuda:0'), tensor(0.0194, device='cuda:0'), tensor(0.0195, device='cuda:0'), tensor(0.0190, device='cuda:0'), tensor(0.0196, device='cuda:0'), tensor(0.0207, device='cuda:0'), tensor(0.0196, device='cuda:0'), tensor(0.0185, device='cuda:0'), tensor(0.0189, device='cuda:0'), tensor(0.0194, device='cuda:0'), tensor(0.0196, device='cuda:0'), tensor(0.0195, device='cuda:0'), tensor(0.0203, device='cuda:0'), tensor(0.0192, device='cuda:0'), tensor(0.0203, device='cuda:0'), tensor(0.0190, device='cuda:0'), tensor(0.0189, device='cuda:0'), tensor(0.0189, device='cuda:0'), tensor(0.0200, device='cuda:0'), tensor(0.0193, device='cuda:0'), tensor(0.0196, device='cuda:0'), tensor(0.0192, device='cuda:0'), tensor(0.0191, device='cuda:0'), tensor(0.0189, device='cuda:0'), tensor(0.0189, device='cuda:0')]"
27,"[tensor(0.0188, device='cuda:0'), tensor(0.0192, device='cuda:0'), tensor(0.0209, device='cuda:0'), tensor(0.0195, device='cuda:0'), tensor(0.0194, device='cuda:0'), tensor(0.0193, device='cuda:0'), tensor(0.0194, device='cuda:0'), tensor(0.0195, device='cuda:0'), tensor(0.0196, device='cuda:0'), tensor(0.0194, device='cuda:0'), tensor(0.0196, device='cuda:0'), tensor(0.0196, device='cuda:0'), tensor(0.0186, device='cuda:0'), tensor(0.0195, device='cuda:0'), tensor(0.0194, device='cuda:0'), tensor(0.0207, device='cuda:0'), tensor(0.0196, device='cuda:0'), tensor(0.0196, device='cuda:0'), tensor(0.0194, device='cuda:0'), tensor(0.0193, device='cuda:0'), tensor(0.0197, device='cuda:0'), tensor(0.0193, device='cuda:0'), tensor(0.0190, device='cuda:0'), tensor(0.0198, device='cuda:0'), tensor(0.0196, device='cuda:0'), tensor(0.0197, device='cuda:0'), tensor(0.0206, device='cuda:0'), tensor(0.0198, device='cuda:0'), tensor(0.0193, device='cuda:0'), tensor(0.0195, device='cuda:0'), tensor(0.0211, device='cuda:0'), tensor(0.0209, device='cuda:0'), tensor(0.0194, device='cuda:0'), tensor(0.0196, device='cuda:0'), tensor(0.0194, device='cuda:0'), tensor(0.0199, device='cuda:0'), tensor(0.0207, device='cuda:0'), tensor(0.0193, device='cuda:0'), tensor(0.0188, device='cuda:0'), tensor(0.0191, device='cuda:0'), tensor(0.0193, device='cuda:0'), tensor(0.0193, device='cuda:0'), tensor(0.0209, device='cuda:0'), tensor(0.0194, device='cuda:0'), tensor(0.0205, device='cuda:0'), tensor(0.0209, device='cuda:0'), tensor(0.0194, device='cuda:0'), tensor(0.0191, device='cuda:0'), tensor(0.0192, device='cuda:0'), tensor(0.0194, device='cuda:0'), tensor(0.0199, device='cuda:0'), tensor(0.0187, device='cuda:0'), tensor(0.0194, device='cuda:0'), tensor(0.0197, device='cuda:0'), tensor(0.0204, device='cuda:0'), tensor(0.0207, device='cuda:0'), tensor(0.0196, device='cuda:0'), tensor(0.0194, device='cuda:0'), tensor(0.0207, device='cuda:0'), tensor(0.0207, device='cuda:0'), tensor(0.0199, device='cuda:0'), tensor(0.0197, device='cuda:0'), tensor(0.0188, device='cuda:0'), tensor(0.0194, device='cuda:0'), tensor(0.0209, device='cuda:0'), tensor(0.0203, device='cuda:0'), tensor(0.0195, device='cuda:0'), tensor(0.0191, device='cuda:0'), tensor(0.0193, device='cuda:0'), tensor(0.0192, device='cuda:0'), tensor(0.0190, device='cuda:0'), tensor(0.0190, device='cuda:0'), tensor(0.0196, device='cuda:0'), tensor(0.0210, device='cuda:0'), tensor(0.0193, device='cuda:0'), tensor(0.0188, device='cuda:0'), tensor(0.0195, device='cuda:0'), tensor(0.0196, device='cuda:0'), tensor(0.0195, device='cuda:0'), tensor(0.0195, device='cuda:0'), tensor(0.0210, device='cuda:0'), tensor(0.0195, device='cuda:0'), tensor(0.0198, device='cuda:0'), tensor(0.0191, device='cuda:0'), tensor(0.0198, device='cuda:0'), tensor(0.0193, device='cuda:0'), tensor(0.0197, device='cuda:0'), tensor(0.0207, device='cuda:0'), tensor(0.0191, device='cuda:0'), tensor(0.0207, device='cuda:0'), tensor(0.0201, device='cuda:0'), tensor(0.0202, device='cuda:0'), tensor(0.0194, device='cuda:0'), tensor(0.0206, device='cuda:0'), tensor(0.0195, device='cuda:0'), tensor(0.0192, device='cuda:0'), tensor(0.0200, device='cuda:0'), tensor(0.0196, device='cuda:0'), tensor(0.0198, device='cuda:0'), tensor(0.0200, device='cuda:0')]"
28,"[tensor(0.0193, device='cuda:0'), tensor(0.0197, device='cuda:0'), tensor(0.0212, device='cuda:0'), tensor(0.0194, device='cuda:0'), tensor(0.0203, device='cuda:0'), tensor(0.0200, device='cuda:0'), tensor(0.0192, device='cuda:0'), tensor(0.0195, device='cuda:0'), tensor(0.0200, device='cuda:0'), tensor(0.0194, device='cuda:0'), tensor(0.0193, device='cuda:0'), tensor(0.0194, device='cuda:0'), tensor(0.0197, device='cuda:0'), tensor(0.0195, device='cuda:0'), tensor(0.0195, device='cuda:0'), tensor(0.0211, device='cuda:0'), tensor(0.0197, device='cuda:0'), tensor(0.0204, device='cuda:0'), tensor(0.0200, device='cuda:0'), tensor(0.0194, device='cuda:0'), tensor(0.0197, device='cuda:0'), tensor(0.0197, device='cuda:0'), tensor(0.0195, device='cuda:0'), tensor(0.0192, device='cuda:0'), tensor(0.0193, device='cuda:0'), tensor(0.0198, device='cuda:0'), tensor(0.0209, device='cuda:0'), tensor(0.0196, device='cuda:0'), tensor(0.0198, device='cuda:0'), tensor(0.0191, device='cuda:0'), tensor(0.0214, device='cuda:0'), tensor(0.0211, device='cuda:0'), tensor(0.0195, device='cuda:0'), tensor(0.0200, device='cuda:0'), tensor(0.0204, device='cuda:0'), tensor(0.0203, device='cuda:0'), tensor(0.0209, device='cuda:0'), tensor(0.0196, device='cuda:0'), tensor(0.0200, device='cuda:0'), tensor(0.0197, device='cuda:0'), tensor(0.0194, device='cuda:0'), tensor(0.0197, device='cuda:0'), tensor(0.0210, device='cuda:0'), tensor(0.0198, device='cuda:0'), tensor(0.0209, device='cuda:0'), tensor(0.0213, device='cuda:0'), tensor(0.0196, device='cuda:0'), tensor(0.0196, device='cuda:0'), tensor(0.0195, device='cuda:0'), tensor(0.0198, device='cuda:0'), tensor(0.0192, device='cuda:0'), tensor(0.0193, device='cuda:0'), tensor(0.0196, device='cuda:0'), tensor(0.0194, device='cuda:0'), tensor(0.0208, device='cuda:0'), tensor(0.0210, device='cuda:0'), tensor(0.0194, device='cuda:0'), tensor(0.0193, device='cuda:0'), tensor(0.0210, device='cuda:0'), tensor(0.0204, device='cuda:0'), tensor(0.0195, device='cuda:0'), tensor(0.0193, device='cuda:0'), tensor(0.0195, device='cuda:0'), tensor(0.0192, device='cuda:0'), tensor(0.0212, device='cuda:0'), tensor(0.0207, device='cuda:0'), tensor(0.0197, device='cuda:0'), tensor(0.0196, device='cuda:0'), tensor(0.0195, device='cuda:0'), tensor(0.0192, device='cuda:0'), tensor(0.0200, device='cuda:0'), tensor(0.0193, device='cuda:0'), tensor(0.0192, device='cuda:0'), tensor(0.0212, device='cuda:0'), tensor(0.0196, device='cuda:0'), tensor(0.0195, device='cuda:0'), tensor(0.0197, device='cuda:0'), tensor(0.0197, device='cuda:0'), tensor(0.0193, device='cuda:0'), tensor(0.0197, device='cuda:0'), tensor(0.0212, device='cuda:0'), tensor(0.0200, device='cuda:0'), tensor(0.0190, device='cuda:0'), tensor(0.0191, device='cuda:0'), tensor(0.0196, device='cuda:0'), tensor(0.0198, device='cuda:0'), tensor(0.0197, device='cuda:0'), tensor(0.0211, device='cuda:0'), tensor(0.0193, device='cuda:0'), tensor(0.0211, device='cuda:0'), tensor(0.0193, device='cuda:0'), tensor(0.0192, device='cuda:0'), tensor(0.0191, device='cuda:0'), tensor(0.0208, device='cuda:0'), tensor(0.0196, device='cuda:0'), tensor(0.0198, device='cuda:0'), tensor(0.0195, device='cuda:0'), tensor(0.0194, device='cuda:0'), tensor(0.0191, device='cuda:0'), tensor(0.0193, device='cuda:0')]"
29,"[tensor(0.0192, device='cuda:0'), tensor(0.0199, device='cuda:0'), tensor(0.0213, device='cuda:0'), tensor(0.0198, device='cuda:0'), tensor(0.0196, device='cuda:0'), tensor(0.0198, device='cuda:0'), tensor(0.0195, device='cuda:0'), tensor(0.0198, device='cuda:0'), tensor(0.0196, device='cuda:0'), tensor(0.0198, device='cuda:0'), tensor(0.0197, device='cuda:0'), tensor(0.0198, device='cuda:0'), tensor(0.0191, device='cuda:0'), tensor(0.0199, device='cuda:0'), tensor(0.0198, device='cuda:0'), tensor(0.0214, device='cuda:0'), tensor(0.0196, device='cuda:0'), tensor(0.0202, device='cuda:0'), tensor(0.0199, device='cuda:0'), tensor(0.0195, device='cuda:0'), tensor(0.0200, device='cuda:0'), tensor(0.0200, device='cuda:0'), tensor(0.0192, device='cuda:0'), tensor(0.0200, device='cuda:0'), tensor(0.0200, device='cuda:0'), tensor(0.0200, device='cuda:0'), tensor(0.0206, device='cuda:0'), tensor(0.0199, device='cuda:0'), tensor(0.0196, device='cuda:0'), tensor(0.0198, device='cuda:0'), tensor(0.0217, device='cuda:0'), tensor(0.0215, device='cuda:0'), tensor(0.0199, device='cuda:0'), tensor(0.0200, device='cuda:0'), tensor(0.0196, device='cuda:0'), tensor(0.0200, device='cuda:0'), tensor(0.0213, device='cuda:0'), tensor(0.0195, device='cuda:0'), tensor(0.0194, device='cuda:0'), tensor(0.0195, device='cuda:0'), tensor(0.0195, device='cuda:0'), tensor(0.0195, device='cuda:0'), tensor(0.0210, device='cuda:0'), tensor(0.0198, device='cuda:0'), tensor(0.0207, device='cuda:0'), tensor(0.0210, device='cuda:0'), tensor(0.0199, device='cuda:0'), tensor(0.0193, device='cuda:0'), tensor(0.0194, device='cuda:0'), tensor(0.0197, device='cuda:0'), tensor(0.0200, device='cuda:0'), tensor(0.0191, device='cuda:0'), tensor(0.0199, device='cuda:0'), tensor(0.0199, device='cuda:0'), tensor(0.0205, device='cuda:0'), tensor(0.0212, device='cuda:0'), tensor(0.0197, device='cuda:0'), tensor(0.0196, device='cuda:0'), tensor(0.0208, device='cuda:0'), tensor(0.0208, device='cuda:0'), tensor(0.0203, device='cuda:0'), tensor(0.0196, device='cuda:0'), tensor(0.0192, device='cuda:0'), tensor(0.0194, device='cuda:0'), tensor(0.0215, device='cuda:0'), tensor(0.0207, device='cuda:0'), tensor(0.0197, device='cuda:0'), tensor(0.0194, device='cuda:0'), tensor(0.0196, device='cuda:0'), tensor(0.0195, device='cuda:0'), tensor(0.0195, device='cuda:0'), tensor(0.0195, device='cuda:0'), tensor(0.0197, device='cuda:0'), tensor(0.0210, device='cuda:0'), tensor(0.0196, device='cuda:0'), tensor(0.0192, device='cuda:0'), tensor(0.0199, device='cuda:0'), tensor(0.0202, device='cuda:0'), tensor(0.0197, device='cuda:0'), tensor(0.0197, device='cuda:0'), tensor(0.0217, device='cuda:0'), tensor(0.0198, device='cuda:0'), tensor(0.0200, device='cuda:0'), tensor(0.0193, device='cuda:0'), tensor(0.0200, device='cuda:0'), tensor(0.0198, device='cuda:0'), tensor(0.0202, device='cuda:0'), tensor(0.0213, device='cuda:0'), tensor(0.0197, device='cuda:0'), tensor(0.0208, device='cuda:0'), tensor(0.0201, device='cuda:0'), tensor(0.0202, device='cuda:0'), tensor(0.0195, device='cuda:0'), tensor(0.0212, device='cuda:0'), tensor(0.0197, device='cuda:0'), tensor(0.0194, device='cuda:0'), tensor(0.0202, device='cuda:0'), tensor(0.0198, device='cuda:0'), tensor(0.0199, device='cuda:0'), tensor(0.0203, device='cuda:0')]"
30,"[tensor(0.0195, device='cuda:0'), tensor(0.0199, device='cuda:0'), tensor(0.0215, device='cuda:0'), tensor(0.0196, device='cuda:0'), tensor(0.0206, device='cuda:0'), tensor(0.0202, device='cuda:0'), tensor(0.0196, device='cuda:0'), tensor(0.0198, device='cuda:0'), tensor(0.0204, device='cuda:0'), tensor(0.0196, device='cuda:0'), tensor(0.0199, device='cuda:0'), tensor(0.0199, device='cuda:0'), tensor(0.0198, device='cuda:0'), tensor(0.0197, device='cuda:0'), tensor(0.0197, device='cuda:0'), tensor(0.0215, device='cuda:0'), tensor(0.0200, device='cuda:0'), tensor(0.0205, device='cuda:0'), tensor(0.0202, device='cuda:0'), tensor(0.0196, device='cuda:0'), tensor(0.0199, device='cuda:0'), tensor(0.0199, device='cuda:0'), tensor(0.0201, device='cuda:0'), tensor(0.0194, device='cuda:0'), tensor(0.0195, device='cuda:0'), tensor(0.0200, device='cuda:0'), tensor(0.0210, device='cuda:0'), tensor(0.0200, device='cuda:0'), tensor(0.0200, device='cuda:0'), tensor(0.0195, device='cuda:0'), tensor(0.0220, device='cuda:0'), tensor(0.0216, device='cuda:0'), tensor(0.0197, device='cuda:0'), tensor(0.0202, device='cuda:0'), tensor(0.0207, device='cuda:0'), tensor(0.0207, device='cuda:0'), tensor(0.0209, device='cuda:0'), tensor(0.0201, device='cuda:0'), tensor(0.0201, device='cuda:0'), tensor(0.0200, device='cuda:0'), tensor(0.0199, device='cuda:0'), tensor(0.0200, device='cuda:0'), tensor(0.0213, device='cuda:0'), tensor(0.0200, device='cuda:0'), tensor(0.0209, device='cuda:0'), tensor(0.0214, device='cuda:0'), tensor(0.0198, device='cuda:0'), tensor(0.0201, device='cuda:0'), tensor(0.0199, device='cuda:0'), tensor(0.0202, device='cuda:0'), tensor(0.0196, device='cuda:0'), tensor(0.0196, device='cuda:0'), tensor(0.0198, device='cuda:0'), tensor(0.0196, device='cuda:0'), tensor(0.0209, device='cuda:0'), tensor(0.0216, device='cuda:0'), tensor(0.0198, device='cuda:0'), tensor(0.0198, device='cuda:0'), tensor(0.0211, device='cuda:0'), tensor(0.0212, device='cuda:0'), tensor(0.0198, device='cuda:0'), tensor(0.0196, device='cuda:0'), tensor(0.0196, device='cuda:0'), tensor(0.0196, device='cuda:0'), tensor(0.0218, device='cuda:0'), tensor(0.0211, device='cuda:0'), tensor(0.0201, device='cuda:0'), tensor(0.0199, device='cuda:0'), tensor(0.0198, device='cuda:0'), tensor(0.0194, device='cuda:0'), tensor(0.0201, device='cuda:0'), tensor(0.0195, device='cuda:0'), tensor(0.0197, device='cuda:0'), tensor(0.0213, device='cuda:0'), tensor(0.0197, device='cuda:0'), tensor(0.0197, device='cuda:0'), tensor(0.0199, device='cuda:0'), tensor(0.0199, device='cuda:0'), tensor(0.0197, device='cuda:0'), tensor(0.0198, device='cuda:0'), tensor(0.0219, device='cuda:0'), tensor(0.0202, device='cuda:0'), tensor(0.0197, device='cuda:0'), tensor(0.0193, device='cuda:0'), tensor(0.0198, device='cuda:0'), tensor(0.0200, device='cuda:0'), tensor(0.0198, device='cuda:0'), tensor(0.0216, device='cuda:0'), tensor(0.0195, device='cuda:0'), tensor(0.0213, device='cuda:0'), tensor(0.0197, device='cuda:0'), tensor(0.0197, device='cuda:0'), tensor(0.0197, device='cuda:0'), tensor(0.0215, device='cuda:0'), tensor(0.0199, device='cuda:0'), tensor(0.0201, device='cuda:0'), tensor(0.0199, device='cuda:0'), tensor(0.0197, device='cuda:0'), tensor(0.0196, device='cuda:0'), tensor(0.0197, device='cuda:0')]"
31,"[tensor(0.0196, device='cuda:0'), tensor(0.0202, device='cuda:0'), tensor(0.0212, device='cuda:0'), tensor(0.0201, device='cuda:0'), tensor(0.0199, device='cuda:0'), tensor(0.0201, device='cuda:0'), tensor(0.0196, device='cuda:0'), tensor(0.0199, device='cuda:0'), tensor(0.0199, device='cuda:0'), tensor(0.0201, device='cuda:0'), tensor(0.0200, device='cuda:0'), tensor(0.0200, device='cuda:0'), tensor(0.0196, device='cuda:0'), tensor(0.0202, device='cuda:0'), tensor(0.0203, device='cuda:0'), tensor(0.0218, device='cuda:0'), tensor(0.0197, device='cuda:0'), tensor(0.0206, device='cuda:0'), tensor(0.0202, device='cuda:0'), tensor(0.0198, device='cuda:0'), tensor(0.0203, device='cuda:0'), tensor(0.0201, device='cuda:0'), tensor(0.0195, device='cuda:0'), tensor(0.0202, device='cuda:0'), tensor(0.0202, device='cuda:0'), tensor(0.0204, device='cuda:0'), tensor(0.0207, device='cuda:0'), tensor(0.0201, device='cuda:0'), tensor(0.0199, device='cuda:0'), tensor(0.0199, device='cuda:0'), tensor(0.0217, device='cuda:0'), tensor(0.0220, device='cuda:0'), tensor(0.0202, device='cuda:0'), tensor(0.0203, device='cuda:0'), tensor(0.0199, device='cuda:0'), tensor(0.0202, device='cuda:0'), tensor(0.0213, device='cuda:0'), tensor(0.0197, device='cuda:0'), tensor(0.0200, device='cuda:0'), tensor(0.0198, device='cuda:0'), tensor(0.0198, device='cuda:0'), tensor(0.0197, device='cuda:0'), tensor(0.0211, device='cuda:0'), tensor(0.0204, device='cuda:0'), tensor(0.0214, device='cuda:0'), tensor(0.0211, device='cuda:0'), tensor(0.0203, device='cuda:0'), tensor(0.0196, device='cuda:0'), tensor(0.0197, device='cuda:0'), tensor(0.0201, device='cuda:0'), tensor(0.0202, device='cuda:0'), tensor(0.0194, device='cuda:0'), tensor(0.0204, device='cuda:0'), tensor(0.0200, device='cuda:0'), tensor(0.0206, device='cuda:0'), tensor(0.0217, device='cuda:0'), tensor(0.0200, device='cuda:0'), tensor(0.0199, device='cuda:0'), tensor(0.0209, device='cuda:0'), tensor(0.0215, device='cuda:0'), tensor(0.0205, device='cuda:0'), tensor(0.0198, device='cuda:0'), tensor(0.0196, device='cuda:0'), tensor(0.0197, device='cuda:0'), tensor(0.0220, device='cuda:0'), tensor(0.0214, device='cuda:0'), tensor(0.0200, device='cuda:0'), tensor(0.0197, device='cuda:0'), tensor(0.0198, device='cuda:0'), tensor(0.0198, device='cuda:0'), tensor(0.0199, device='cuda:0'), tensor(0.0198, device='cuda:0'), tensor(0.0200, device='cuda:0'), tensor(0.0210, device='cuda:0'), tensor(0.0199, device='cuda:0'), tensor(0.0198, device='cuda:0'), tensor(0.0203, device='cuda:0'), tensor(0.0205, device='cuda:0'), tensor(0.0200, device='cuda:0'), tensor(0.0200, device='cuda:0'), tensor(0.0217, device='cuda:0'), tensor(0.0201, device='cuda:0'), tensor(0.0204, device='cuda:0'), tensor(0.0197, device='cuda:0'), tensor(0.0204, device='cuda:0'), tensor(0.0201, device='cuda:0'), tensor(0.0205, device='cuda:0'), tensor(0.0218, device='cuda:0'), tensor(0.0200, device='cuda:0'), tensor(0.0210, device='cuda:0'), tensor(0.0203, device='cuda:0'), tensor(0.0203, device='cuda:0'), tensor(0.0197, device='cuda:0'), tensor(0.0211, device='cuda:0'), tensor(0.0199, device='cuda:0'), tensor(0.0197, device='cuda:0'), tensor(0.0205, device='cuda:0'), tensor(0.0201, device='cuda:0'), tensor(0.0201, device='cuda:0'), tensor(0.0206, device='cuda:0')]"
32,"[tensor(0.0200, device='cuda:0'), tensor(0.0201, device='cuda:0'), tensor(0.0215, device='cuda:0'), tensor(0.0199, device='cuda:0'), tensor(0.0208, device='cuda:0'), tensor(0.0205, device='cuda:0'), tensor(0.0199, device='cuda:0'), tensor(0.0201, device='cuda:0'), tensor(0.0207, device='cuda:0'), tensor(0.0199, device='cuda:0'), tensor(0.0202, device='cuda:0'), tensor(0.0202, device='cuda:0'), tensor(0.0201, device='cuda:0'), tensor(0.0199, device='cuda:0'), tensor(0.0200, device='cuda:0'), tensor(0.0215, device='cuda:0'), tensor(0.0203, device='cuda:0'), tensor(0.0207, device='cuda:0'), tensor(0.0203, device='cuda:0'), tensor(0.0199, device='cuda:0'), tensor(0.0201, device='cuda:0'), tensor(0.0200, device='cuda:0'), tensor(0.0201, device='cuda:0'), tensor(0.0198, device='cuda:0'), tensor(0.0198, device='cuda:0'), tensor(0.0202, device='cuda:0'), tensor(0.0211, device='cuda:0'), tensor(0.0204, device='cuda:0'), tensor(0.0202, device='cuda:0'), tensor(0.0197, device='cuda:0'), tensor(0.0220, device='cuda:0'), tensor(0.0220, device='cuda:0'), tensor(0.0200, device='cuda:0'), tensor(0.0205, device='cuda:0'), tensor(0.0210, device='cuda:0'), tensor(0.0210, device='cuda:0'), tensor(0.0209, device='cuda:0'), tensor(0.0204, device='cuda:0'), tensor(0.0204, device='cuda:0'), tensor(0.0202, device='cuda:0'), tensor(0.0202, device='cuda:0'), tensor(0.0203, device='cuda:0'), tensor(0.0213, device='cuda:0'), tensor(0.0202, device='cuda:0'), tensor(0.0213, device='cuda:0'), tensor(0.0215, device='cuda:0'), tensor(0.0200, device='cuda:0'), tensor(0.0204, device='cuda:0'), tensor(0.0202, device='cuda:0'), tensor(0.0204, device='cuda:0'), tensor(0.0199, device='cuda:0'), tensor(0.0198, device='cuda:0'), tensor(0.0200, device='cuda:0'), tensor(0.0199, device='cuda:0'), tensor(0.0210, device='cuda:0'), tensor(0.0220, device='cuda:0'), tensor(0.0200, device='cuda:0'), tensor(0.0202, device='cuda:0'), tensor(0.0212, device='cuda:0'), tensor(0.0218, device='cuda:0'), tensor(0.0201, device='cuda:0'), tensor(0.0199, device='cuda:0'), tensor(0.0199, device='cuda:0'), tensor(0.0199, device='cuda:0'), tensor(0.0221, device='cuda:0'), tensor(0.0217, device='cuda:0'), tensor(0.0204, device='cuda:0'), tensor(0.0201, device='cuda:0'), tensor(0.0201, device='cuda:0'), tensor(0.0196, device='cuda:0'), tensor(0.0203, device='cuda:0'), tensor(0.0197, device='cuda:0'), tensor(0.0201, device='cuda:0'), tensor(0.0213, device='cuda:0'), tensor(0.0200, device='cuda:0'), tensor(0.0199, device='cuda:0'), tensor(0.0201, device='cuda:0'), tensor(0.0202, device='cuda:0'), tensor(0.0200, device='cuda:0'), tensor(0.0200, device='cuda:0'), tensor(0.0220, device='cuda:0'), tensor(0.0205, device='cuda:0'), tensor(0.0202, device='cuda:0'), tensor(0.0196, device='cuda:0'), tensor(0.0200, device='cuda:0'), tensor(0.0202, device='cuda:0'), tensor(0.0200, device='cuda:0'), tensor(0.0221, device='cuda:0'), tensor(0.0198, device='cuda:0'), tensor(0.0213, device='cuda:0'), tensor(0.0201, device='cuda:0'), tensor(0.0202, device='cuda:0'), tensor(0.0201, device='cuda:0'), tensor(0.0215, device='cuda:0'), tensor(0.0202, device='cuda:0'), tensor(0.0203, device='cuda:0'), tensor(0.0201, device='cuda:0'), tensor(0.0200, device='cuda:0'), tensor(0.0198, device='cuda:0'), tensor(0.0200, device='cuda:0')]"
33,"[tensor(0.0199, device='cuda:0'), tensor(0.0206, device='cuda:0'), tensor(0.0212, device='cuda:0'), tensor(0.0203, device='cuda:0'), tensor(0.0201, device='cuda:0'), tensor(0.0203, device='cuda:0'), tensor(0.0199, device='cuda:0'), tensor(0.0201, device='cuda:0'), tensor(0.0202, device='cuda:0'), tensor(0.0203, device='cuda:0'), tensor(0.0202, device='cuda:0'), tensor(0.0202, device='cuda:0'), tensor(0.0198, device='cuda:0'), tensor(0.0204, device='cuda:0'), tensor(0.0205, device='cuda:0'), tensor(0.0218, device='cuda:0'), tensor(0.0200, device='cuda:0'), tensor(0.0209, device='cuda:0'), tensor(0.0204, device='cuda:0'), tensor(0.0201, device='cuda:0'), tensor(0.0204, device='cuda:0'), tensor(0.0200, device='cuda:0'), tensor(0.0199, device='cuda:0'), tensor(0.0204, device='cuda:0'), tensor(0.0204, device='cuda:0'), tensor(0.0207, device='cuda:0'), tensor(0.0207, device='cuda:0'), tensor(0.0202, device='cuda:0'), tensor(0.0201, device='cuda:0'), tensor(0.0201, device='cuda:0'), tensor(0.0217, device='cuda:0'), tensor(0.0224, device='cuda:0'), tensor(0.0205, device='cuda:0'), tensor(0.0205, device='cuda:0'), tensor(0.0202, device='cuda:0'), tensor(0.0204, device='cuda:0'), tensor(0.0214, device='cuda:0'), tensor(0.0199, device='cuda:0'), tensor(0.0203, device='cuda:0'), tensor(0.0200, device='cuda:0'), tensor(0.0200, device='cuda:0'), tensor(0.0199, device='cuda:0'), tensor(0.0210, device='cuda:0'), tensor(0.0207, device='cuda:0'), tensor(0.0216, device='cuda:0'), tensor(0.0212, device='cuda:0'), tensor(0.0206, device='cuda:0'), tensor(0.0199, device='cuda:0'), tensor(0.0200, device='cuda:0'), tensor(0.0203, device='cuda:0'), tensor(0.0204, device='cuda:0'), tensor(0.0197, device='cuda:0'), tensor(0.0207, device='cuda:0'), tensor(0.0202, device='cuda:0'), tensor(0.0213, device='cuda:0'), tensor(0.0217, device='cuda:0'), tensor(0.0203, device='cuda:0'), tensor(0.0201, device='cuda:0'), tensor(0.0210, device='cuda:0'), tensor(0.0215, device='cuda:0'), tensor(0.0207, device='cuda:0'), tensor(0.0200, device='cuda:0'), tensor(0.0199, device='cuda:0'), tensor(0.0199, device='cuda:0'), tensor(0.0223, device='cuda:0'), tensor(0.0214, device='cuda:0'), tensor(0.0202, device='cuda:0'), tensor(0.0200, device='cuda:0'), tensor(0.0201, device='cuda:0'), tensor(0.0200, device='cuda:0'), tensor(0.0202, device='cuda:0'), tensor(0.0200, device='cuda:0'), tensor(0.0202, device='cuda:0'), tensor(0.0210, device='cuda:0'), tensor(0.0202, device='cuda:0'), tensor(0.0201, device='cuda:0'), tensor(0.0205, device='cuda:0'), tensor(0.0208, device='cuda:0'), tensor(0.0202, device='cuda:0'), tensor(0.0202, device='cuda:0'), tensor(0.0216, device='cuda:0'), tensor(0.0203, device='cuda:0'), tensor(0.0206, device='cuda:0'), tensor(0.0201, device='cuda:0'), tensor(0.0207, device='cuda:0'), tensor(0.0202, device='cuda:0'), tensor(0.0208, device='cuda:0'), tensor(0.0218, device='cuda:0'), tensor(0.0203, device='cuda:0'), tensor(0.0210, device='cuda:0'), tensor(0.0204, device='cuda:0'), tensor(0.0205, device='cuda:0'), tensor(0.0199, device='cuda:0'), tensor(0.0211, device='cuda:0'), tensor(0.0201, device='cuda:0'), tensor(0.0199, device='cuda:0'), tensor(0.0208, device='cuda:0'), tensor(0.0202, device='cuda:0'), tensor(0.0203, device='cuda:0'), tensor(0.0208, device='cuda:0')]"
34,"[tensor(0.0202, device='cuda:0'), tensor(0.0202, device='cuda:0'), tensor(0.0216, device='cuda:0'), tensor(0.0201, device='cuda:0'), tensor(0.0210, device='cuda:0'), tensor(0.0206, device='cuda:0'), tensor(0.0202, device='cuda:0'), tensor(0.0204, device='cuda:0'), tensor(0.0209, device='cuda:0'), tensor(0.0201, device='cuda:0'), tensor(0.0204, device='cuda:0'), tensor(0.0205, device='cuda:0'), tensor(0.0202, device='cuda:0'), tensor(0.0201, device='cuda:0'), tensor(0.0201, device='cuda:0'), tensor(0.0215, device='cuda:0'), tensor(0.0205, device='cuda:0'), tensor(0.0208, device='cuda:0'), tensor(0.0204, device='cuda:0'), tensor(0.0201, device='cuda:0'), tensor(0.0202, device='cuda:0'), tensor(0.0202, device='cuda:0'), tensor(0.0202, device='cuda:0'), tensor(0.0200, device='cuda:0'), tensor(0.0200, device='cuda:0'), tensor(0.0204, device='cuda:0'), tensor(0.0212, device='cuda:0'), tensor(0.0206, device='cuda:0'), tensor(0.0203, device='cuda:0'), tensor(0.0199, device='cuda:0'), tensor(0.0220, device='cuda:0'), tensor(0.0221, device='cuda:0'), tensor(0.0202, device='cuda:0'), tensor(0.0207, device='cuda:0'), tensor(0.0212, device='cuda:0'), tensor(0.0212, device='cuda:0'), tensor(0.0209, device='cuda:0'), tensor(0.0206, device='cuda:0'), tensor(0.0206, device='cuda:0'), tensor(0.0204, device='cuda:0'), tensor(0.0204, device='cuda:0'), tensor(0.0205, device='cuda:0'), tensor(0.0214, device='cuda:0'), tensor(0.0203, device='cuda:0'), tensor(0.0214, device='cuda:0'), tensor(0.0216, device='cuda:0'), tensor(0.0202, device='cuda:0'), tensor(0.0205, device='cuda:0'), tensor(0.0204, device='cuda:0'), tensor(0.0206, device='cuda:0'), tensor(0.0202, device='cuda:0'), tensor(0.0200, device='cuda:0'), tensor(0.0202, device='cuda:0'), tensor(0.0201, device='cuda:0'), tensor(0.0210, device='cuda:0'), tensor(0.0220, device='cuda:0'), tensor(0.0203, device='cuda:0'), tensor(0.0205, device='cuda:0'), tensor(0.0213, device='cuda:0'), tensor(0.0218, device='cuda:0'), tensor(0.0203, device='cuda:0'), tensor(0.0200, device='cuda:0'), tensor(0.0201, device='cuda:0'), tensor(0.0201, device='cuda:0'), tensor(0.0220, device='cuda:0'), tensor(0.0217, device='cuda:0'), tensor(0.0205, device='cuda:0'), tensor(0.0203, device='cuda:0'), tensor(0.0204, device='cuda:0'), tensor(0.0198, device='cuda:0'), tensor(0.0204, device='cuda:0'), tensor(0.0199, device='cuda:0'), tensor(0.0203, device='cuda:0'), tensor(0.0213, device='cuda:0'), tensor(0.0202, device='cuda:0'), tensor(0.0201, device='cuda:0'), tensor(0.0203, device='cuda:0'), tensor(0.0203, device='cuda:0'), tensor(0.0202, device='cuda:0'), tensor(0.0202, device='cuda:0'), tensor(0.0221, device='cuda:0'), tensor(0.0207, device='cuda:0'), tensor(0.0205, device='cuda:0'), tensor(0.0197, device='cuda:0'), tensor(0.0202, device='cuda:0'), tensor(0.0204, device='cuda:0'), tensor(0.0202, device='cuda:0'), tensor(0.0221, device='cuda:0'), tensor(0.0200, device='cuda:0'), tensor(0.0214, device='cuda:0'), tensor(0.0203, device='cuda:0'), tensor(0.0204, device='cuda:0'), tensor(0.0202, device='cuda:0'), tensor(0.0215, device='cuda:0'), tensor(0.0204, device='cuda:0'), tensor(0.0205, device='cuda:0'), tensor(0.0203, device='cuda:0'), tensor(0.0202, device='cuda:0'), tensor(0.0201, device='cuda:0'), tensor(0.0202, device='cuda:0')]"
35,"[tensor(0.0200, device='cuda:0'), tensor(0.0206, device='cuda:0'), tensor(0.0213, device='cuda:0'), tensor(0.0204, device='cuda:0'), tensor(0.0202, device='cuda:0'), tensor(0.0204, device='cuda:0'), tensor(0.0200, device='cuda:0'), tensor(0.0202, device='cuda:0'), tensor(0.0203, device='cuda:0'), tensor(0.0205, device='cuda:0'), tensor(0.0204, device='cuda:0'), tensor(0.0203, device='cuda:0'), tensor(0.0200, device='cuda:0'), tensor(0.0206, device='cuda:0'), tensor(0.0207, device='cuda:0'), tensor(0.0218, device='cuda:0'), tensor(0.0202, device='cuda:0'), tensor(0.0210, device='cuda:0'), tensor(0.0204, device='cuda:0'), tensor(0.0202, device='cuda:0'), tensor(0.0206, device='cuda:0'), tensor(0.0199, device='cuda:0'), tensor(0.0202, device='cuda:0'), tensor(0.0205, device='cuda:0'), tensor(0.0206, device='cuda:0'), tensor(0.0209, device='cuda:0'), tensor(0.0208, device='cuda:0'), tensor(0.0203, device='cuda:0'), tensor(0.0203, device='cuda:0'), tensor(0.0202, device='cuda:0'), tensor(0.0217, device='cuda:0'), tensor(0.0223, device='cuda:0'), tensor(0.0206, device='cuda:0'), tensor(0.0206, device='cuda:0'), tensor(0.0203, device='cuda:0'), tensor(0.0205, device='cuda:0'), tensor(0.0214, device='cuda:0'), tensor(0.0201, device='cuda:0'), tensor(0.0205, device='cuda:0'), tensor(0.0201, device='cuda:0'), tensor(0.0202, device='cuda:0'), tensor(0.0201, device='cuda:0'), tensor(0.0211, device='cuda:0'), tensor(0.0208, device='cuda:0'), tensor(0.0216, device='cuda:0'), tensor(0.0212, device='cuda:0'), tensor(0.0207, device='cuda:0'), tensor(0.0201, device='cuda:0'), tensor(0.0201, device='cuda:0'), tensor(0.0205, device='cuda:0'), tensor(0.0205, device='cuda:0'), tensor(0.0199, device='cuda:0'), tensor(0.0208, device='cuda:0'), tensor(0.0204, device='cuda:0'), tensor(0.0213, device='cuda:0'), tensor(0.0217, device='cuda:0'), tensor(0.0205, device='cuda:0'), tensor(0.0203, device='cuda:0'), tensor(0.0210, device='cuda:0'), tensor(0.0215, device='cuda:0'), tensor(0.0208, device='cuda:0'), tensor(0.0202, device='cuda:0'), tensor(0.0201, device='cuda:0'), tensor(0.0201, device='cuda:0'), tensor(0.0223, device='cuda:0'), tensor(0.0214, device='cuda:0'), tensor(0.0204, device='cuda:0'), tensor(0.0201, device='cuda:0'), tensor(0.0203, device='cuda:0'), tensor(0.0201, device='cuda:0'), tensor(0.0204, device='cuda:0'), tensor(0.0202, device='cuda:0'), tensor(0.0203, device='cuda:0'), tensor(0.0210, device='cuda:0'), tensor(0.0204, device='cuda:0'), tensor(0.0202, device='cuda:0'), tensor(0.0207, device='cuda:0'), tensor(0.0210, device='cuda:0'), tensor(0.0203, device='cuda:0'), tensor(0.0204, device='cuda:0'), tensor(0.0217, device='cuda:0'), tensor(0.0205, device='cuda:0'), tensor(0.0206, device='cuda:0'), tensor(0.0204, device='cuda:0'), tensor(0.0208, device='cuda:0'), tensor(0.0204, device='cuda:0'), tensor(0.0210, device='cuda:0'), tensor(0.0218, device='cuda:0'), tensor(0.0203, device='cuda:0'), tensor(0.0211, device='cuda:0'), tensor(0.0205, device='cuda:0'), tensor(0.0206, device='cuda:0'), tensor(0.0200, device='cuda:0'), tensor(0.0212, device='cuda:0'), tensor(0.0202, device='cuda:0'), tensor(0.0201, device='cuda:0'), tensor(0.0209, device='cuda:0'), tensor(0.0203, device='cuda:0'), tensor(0.0204, device='cuda:0'), tensor(0.0210, device='cuda:0')]"
36,"[tensor(0.0204, device='cuda:0'), tensor(0.0203, device='cuda:0'), tensor(0.0216, device='cuda:0'), tensor(0.0202, device='cuda:0'), tensor(0.0212, device='cuda:0'), tensor(0.0207, device='cuda:0'), tensor(0.0204, device='cuda:0'), tensor(0.0205, device='cuda:0'), tensor(0.0209, device='cuda:0'), tensor(0.0202, device='cuda:0'), tensor(0.0206, device='cuda:0'), tensor(0.0206, device='cuda:0'), tensor(0.0204, device='cuda:0'), tensor(0.0202, device='cuda:0'), tensor(0.0202, device='cuda:0'), tensor(0.0216, device='cuda:0'), tensor(0.0206, device='cuda:0'), tensor(0.0209, device='cuda:0'), tensor(0.0205, device='cuda:0'), tensor(0.0202, device='cuda:0'), tensor(0.0203, device='cuda:0'), tensor(0.0205, device='cuda:0'), tensor(0.0202, device='cuda:0'), tensor(0.0202, device='cuda:0'), tensor(0.0202, device='cuda:0'), tensor(0.0205, device='cuda:0'), tensor(0.0212, device='cuda:0'), tensor(0.0207, device='cuda:0'), tensor(0.0204, device='cuda:0'), tensor(0.0199, device='cuda:0'), tensor(0.0220, device='cuda:0'), tensor(0.0221, device='cuda:0'), tensor(0.0203, device='cuda:0'), tensor(0.0208, device='cuda:0'), tensor(0.0213, device='cuda:0'), tensor(0.0213, device='cuda:0'), tensor(0.0210, device='cuda:0'), tensor(0.0207, device='cuda:0'), tensor(0.0207, device='cuda:0'), tensor(0.0204, device='cuda:0'), tensor(0.0205, device='cuda:0'), tensor(0.0206, device='cuda:0'), tensor(0.0214, device='cuda:0'), tensor(0.0203, device='cuda:0'), tensor(0.0214, device='cuda:0'), tensor(0.0216, device='cuda:0'), tensor(0.0202, device='cuda:0'), tensor(0.0207, device='cuda:0'), tensor(0.0205, device='cuda:0'), tensor(0.0207, device='cuda:0'), tensor(0.0204, device='cuda:0'), tensor(0.0201, device='cuda:0'), tensor(0.0202, device='cuda:0'), tensor(0.0202, device='cuda:0'), tensor(0.0210, device='cuda:0'), tensor(0.0220, device='cuda:0'), tensor(0.0204, device='cuda:0'), tensor(0.0206, device='cuda:0'), tensor(0.0214, device='cuda:0'), tensor(0.0218, device='cuda:0'), tensor(0.0204, device='cuda:0'), tensor(0.0202, device='cuda:0'), tensor(0.0202, device='cuda:0'), tensor(0.0202, device='cuda:0'), tensor(0.0221, device='cuda:0'), tensor(0.0218, device='cuda:0'), tensor(0.0207, device='cuda:0'), tensor(0.0203, device='cuda:0'), tensor(0.0205, device='cuda:0'), tensor(0.0200, device='cuda:0'), tensor(0.0204, device='cuda:0'), tensor(0.0200, device='cuda:0'), tensor(0.0204, device='cuda:0'), tensor(0.0214, device='cuda:0'), tensor(0.0203, device='cuda:0'), tensor(0.0202, device='cuda:0'), tensor(0.0204, device='cuda:0'), tensor(0.0204, device='cuda:0'), tensor(0.0203, device='cuda:0'), tensor(0.0202, device='cuda:0'), tensor(0.0221, device='cuda:0'), tensor(0.0208, device='cuda:0'), tensor(0.0206, device='cuda:0'), tensor(0.0199, device='cuda:0'), tensor(0.0203, device='cuda:0'), tensor(0.0205, device='cuda:0'), tensor(0.0203, device='cuda:0'), tensor(0.0221, device='cuda:0'), tensor(0.0201, device='cuda:0'), tensor(0.0214, device='cuda:0'), tensor(0.0204, device='cuda:0'), tensor(0.0205, device='cuda:0'), tensor(0.0203, device='cuda:0'), tensor(0.0215, device='cuda:0'), tensor(0.0205, device='cuda:0'), tensor(0.0206, device='cuda:0'), tensor(0.0205, device='cuda:0'), tensor(0.0203, device='cuda:0'), tensor(0.0201, device='cuda:0'), tensor(0.0203, device='cuda:0')]"
37,"[tensor(0.0201, device='cuda:0'), tensor(0.0207, device='cuda:0'), tensor(0.0213, device='cuda:0'), tensor(0.0204, device='cuda:0'), tensor(0.0203, device='cuda:0'), tensor(0.0206, device='cuda:0'), tensor(0.0201, device='cuda:0'), tensor(0.0203, device='cuda:0'), tensor(0.0203, device='cuda:0'), tensor(0.0206, device='cuda:0'), tensor(0.0205, device='cuda:0'), tensor(0.0204, device='cuda:0'), tensor(0.0201, device='cuda:0'), tensor(0.0207, device='cuda:0'), tensor(0.0209, device='cuda:0'), tensor(0.0218, device='cuda:0'), tensor(0.0204, device='cuda:0'), tensor(0.0211, device='cuda:0'), tensor(0.0205, device='cuda:0'), tensor(0.0203, device='cuda:0'), tensor(0.0207, device='cuda:0'), tensor(0.0203, device='cuda:0'), tensor(0.0207, device='cuda:0'), tensor(0.0207, device='cuda:0'), tensor(0.0208, device='cuda:0'), tensor(0.0210, device='cuda:0'), tensor(0.0209, device='cuda:0'), tensor(0.0204, device='cuda:0'), tensor(0.0203, device='cuda:0'), tensor(0.0203, device='cuda:0'), tensor(0.0217, device='cuda:0'), tensor(0.0223, device='cuda:0'), tensor(0.0208, device='cuda:0'), tensor(0.0207, device='cuda:0'), tensor(0.0205, device='cuda:0'), tensor(0.0205, device='cuda:0'), tensor(0.0215, device='cuda:0'), tensor(0.0202, device='cuda:0'), tensor(0.0206, device='cuda:0'), tensor(0.0202, device='cuda:0'), tensor(0.0202, device='cuda:0'), tensor(0.0201, device='cuda:0'), tensor(0.0211, device='cuda:0'), tensor(0.0209, device='cuda:0'), tensor(0.0217, device='cuda:0'), tensor(0.0213, device='cuda:0'), tensor(0.0208, device='cuda:0'), tensor(0.0201, device='cuda:0'), tensor(0.0203, device='cuda:0'), tensor(0.0206, device='cuda:0'), tensor(0.0206, device='cuda:0'), tensor(0.0200, device='cuda:0'), tensor(0.0209, device='cuda:0'), tensor(0.0205, device='cuda:0'), tensor(0.0213, device='cuda:0'), tensor(0.0217, device='cuda:0'), tensor(0.0207, device='cuda:0'), tensor(0.0204, device='cuda:0'), tensor(0.0210, device='cuda:0'), tensor(0.0215, device='cuda:0'), tensor(0.0209, device='cuda:0'), tensor(0.0204, device='cuda:0'), tensor(0.0203, device='cuda:0'), tensor(0.0202, device='cuda:0'), tensor(0.0224, device='cuda:0'), tensor(0.0214, device='cuda:0'), tensor(0.0205, device='cuda:0'), tensor(0.0202, device='cuda:0'), tensor(0.0203, device='cuda:0'), tensor(0.0201, device='cuda:0'), tensor(0.0205, device='cuda:0'), tensor(0.0203, device='cuda:0'), tensor(0.0204, device='cuda:0'), tensor(0.0211, device='cuda:0'), tensor(0.0204, device='cuda:0'), tensor(0.0204, device='cuda:0'), tensor(0.0208, device='cuda:0'), tensor(0.0211, device='cuda:0'), tensor(0.0203, device='cuda:0'), tensor(0.0206, device='cuda:0'), tensor(0.0217, device='cuda:0'), tensor(0.0206, device='cuda:0'), tensor(0.0207, device='cuda:0'), tensor(0.0206, device='cuda:0'), tensor(0.0209, device='cuda:0'), tensor(0.0205, device='cuda:0'), tensor(0.0211, device='cuda:0'), tensor(0.0218, device='cuda:0'), tensor(0.0204, device='cuda:0'), tensor(0.0211, device='cuda:0'), tensor(0.0205, device='cuda:0'), tensor(0.0206, device='cuda:0'), tensor(0.0200, device='cuda:0'), tensor(0.0212, device='cuda:0'), tensor(0.0202, device='cuda:0'), tensor(0.0202, device='cuda:0'), tensor(0.0210, device='cuda:0'), tensor(0.0204, device='cuda:0'), tensor(0.0205, device='cuda:0'), tensor(0.0211, device='cuda:0')]"
38,"[tensor(0.0205, device='cuda:0'), tensor(0.0204, device='cuda:0'), tensor(0.0217, device='cuda:0'), tensor(0.0204, device='cuda:0'), tensor(0.0213, device='cuda:0'), tensor(0.0208, device='cuda:0'), tensor(0.0205, device='cuda:0'), tensor(0.0206, device='cuda:0'), tensor(0.0210, device='cuda:0'), tensor(0.0203, device='cuda:0'), tensor(0.0207, device='cuda:0'), tensor(0.0207, device='cuda:0'), tensor(0.0204, device='cuda:0'), tensor(0.0203, device='cuda:0'), tensor(0.0203, device='cuda:0'), tensor(0.0216, device='cuda:0'), tensor(0.0207, device='cuda:0'), tensor(0.0209, device='cuda:0'), tensor(0.0205, device='cuda:0'), tensor(0.0203, device='cuda:0'), tensor(0.0204, device='cuda:0'), tensor(0.0210, device='cuda:0'), tensor(0.0203, device='cuda:0'), tensor(0.0203, device='cuda:0'), tensor(0.0202, device='cuda:0'), tensor(0.0205, device='cuda:0'), tensor(0.0213, device='cuda:0'), tensor(0.0209, device='cuda:0'), tensor(0.0206, device='cuda:0'), tensor(0.0200, device='cuda:0'), tensor(0.0220, device='cuda:0'), tensor(0.0221, device='cuda:0'), tensor(0.0204, device='cuda:0'), tensor(0.0209, device='cuda:0'), tensor(0.0215, device='cuda:0'), tensor(0.0214, device='cuda:0'), tensor(0.0210, device='cuda:0'), tensor(0.0208, device='cuda:0'), tensor(0.0207, device='cuda:0'), tensor(0.0205, device='cuda:0'), tensor(0.0207, device='cuda:0'), tensor(0.0208, device='cuda:0'), tensor(0.0214, device='cuda:0'), tensor(0.0204, device='cuda:0'), tensor(0.0214, device='cuda:0'), tensor(0.0217, device='cuda:0'), tensor(0.0203, device='cuda:0'), tensor(0.0208, device='cuda:0'), tensor(0.0205, device='cuda:0'), tensor(0.0208, device='cuda:0'), tensor(0.0205, device='cuda:0'), tensor(0.0202, device='cuda:0'), tensor(0.0203, device='cuda:0'), tensor(0.0202, device='cuda:0'), tensor(0.0210, device='cuda:0'), tensor(0.0220, device='cuda:0'), tensor(0.0205, device='cuda:0'), tensor(0.0207, device='cuda:0'), tensor(0.0214, device='cuda:0'), tensor(0.0218, device='cuda:0'), tensor(0.0205, device='cuda:0'), tensor(0.0203, device='cuda:0'), tensor(0.0203, device='cuda:0'), tensor(0.0204, device='cuda:0'), tensor(0.0221, device='cuda:0'), tensor(0.0218, device='cuda:0'), tensor(0.0208, device='cuda:0'), tensor(0.0204, device='cuda:0'), tensor(0.0207, device='cuda:0'), tensor(0.0200, device='cuda:0'), tensor(0.0205, device='cuda:0'), tensor(0.0201, device='cuda:0'), tensor(0.0206, device='cuda:0'), tensor(0.0214, device='cuda:0'), tensor(0.0204, device='cuda:0'), tensor(0.0203, device='cuda:0'), tensor(0.0205, device='cuda:0'), tensor(0.0205, device='cuda:0'), tensor(0.0204, device='cuda:0'), tensor(0.0203, device='cuda:0'), tensor(0.0221, device='cuda:0'), tensor(0.0208, device='cuda:0'), tensor(0.0207, device='cuda:0'), tensor(0.0200, device='cuda:0'), tensor(0.0203, device='cuda:0'), tensor(0.0205, device='cuda:0'), tensor(0.0204, device='cuda:0'), tensor(0.0221, device='cuda:0'), tensor(0.0202, device='cuda:0'), tensor(0.0215, device='cuda:0'), tensor(0.0204, device='cuda:0'), tensor(0.0205, device='cuda:0'), tensor(0.0204, device='cuda:0'), tensor(0.0215, device='cuda:0'), tensor(0.0206, device='cuda:0'), tensor(0.0207, device='cuda:0'), tensor(0.0205, device='cuda:0'), tensor(0.0204, device='cuda:0'), tensor(0.0201, device='cuda:0'), tensor(0.0204, device='cuda:0')]"
39,"[tensor(0.0202, device='cuda:0'), tensor(0.0207, device='cuda:0'), tensor(0.0214, device='cuda:0'), tensor(0.0205, device='cuda:0'), tensor(0.0203, device='cuda:0'), tensor(0.0208, device='cuda:0'), tensor(0.0202, device='cuda:0'), tensor(0.0204, device='cuda:0'), tensor(0.0204, device='cuda:0'), tensor(0.0207, device='cuda:0'), tensor(0.0205, device='cuda:0'), tensor(0.0205, device='cuda:0'), tensor(0.0202, device='cuda:0'), tensor(0.0208, device='cuda:0'), tensor(0.0209, device='cuda:0'), tensor(0.0219, device='cuda:0'), tensor(0.0206, device='cuda:0'), tensor(0.0213, device='cuda:0'), tensor(0.0206, device='cuda:0'), tensor(0.0204, device='cuda:0'), tensor(0.0208, device='cuda:0'), tensor(0.0207, device='cuda:0'), tensor(0.0210, device='cuda:0'), tensor(0.0208, device='cuda:0'), tensor(0.0209, device='cuda:0'), tensor(0.0212, device='cuda:0'), tensor(0.0209, device='cuda:0'), tensor(0.0204, device='cuda:0'), tensor(0.0204, device='cuda:0'), tensor(0.0205, device='cuda:0'), tensor(0.0218, device='cuda:0'), tensor(0.0223, device='cuda:0'), tensor(0.0209, device='cuda:0'), tensor(0.0208, device='cuda:0'), tensor(0.0205, device='cuda:0'), tensor(0.0206, device='cuda:0'), tensor(0.0215, device='cuda:0'), tensor(0.0202, device='cuda:0'), tensor(0.0208, device='cuda:0'), tensor(0.0203, device='cuda:0'), tensor(0.0203, device='cuda:0'), tensor(0.0202, device='cuda:0'), tensor(0.0211, device='cuda:0'), tensor(0.0209, device='cuda:0'), tensor(0.0217, device='cuda:0'), tensor(0.0214, device='cuda:0'), tensor(0.0210, device='cuda:0'), tensor(0.0202, device='cuda:0'), tensor(0.0203, device='cuda:0'), tensor(0.0206, device='cuda:0'), tensor(0.0206, device='cuda:0'), tensor(0.0201, device='cuda:0'), tensor(0.0209, device='cuda:0'), tensor(0.0207, device='cuda:0'), tensor(0.0214, device='cuda:0'), tensor(0.0217, device='cuda:0'), tensor(0.0208, device='cuda:0'), tensor(0.0204, device='cuda:0'), tensor(0.0212, device='cuda:0'), tensor(0.0215, device='cuda:0'), tensor(0.0210, device='cuda:0'), tensor(0.0206, device='cuda:0'), tensor(0.0204, device='cuda:0'), tensor(0.0203, device='cuda:0'), tensor(0.0224, device='cuda:0'), tensor(0.0215, device='cuda:0'), tensor(0.0205, device='cuda:0'), tensor(0.0202, device='cuda:0'), tensor(0.0204, device='cuda:0'), tensor(0.0201, device='cuda:0'), tensor(0.0206, device='cuda:0'), tensor(0.0204, device='cuda:0'), tensor(0.0205, device='cuda:0'), tensor(0.0212, device='cuda:0'), tensor(0.0206, device='cuda:0'), tensor(0.0205, device='cuda:0'), tensor(0.0209, device='cuda:0'), tensor(0.0211, device='cuda:0'), tensor(0.0204, device='cuda:0'), tensor(0.0206, device='cuda:0'), tensor(0.0217, device='cuda:0'), tensor(0.0207, device='cuda:0'), tensor(0.0207, device='cuda:0'), tensor(0.0207, device='cuda:0'), tensor(0.0209, device='cuda:0'), tensor(0.0206, device='cuda:0'), tensor(0.0211, device='cuda:0'), tensor(0.0218, device='cuda:0'), tensor(0.0204, device='cuda:0'), tensor(0.0212, device='cuda:0'), tensor(0.0205, device='cuda:0'), tensor(0.0207, device='cuda:0'), tensor(0.0201, device='cuda:0'), tensor(0.0212, device='cuda:0'), tensor(0.0203, device='cuda:0'), tensor(0.0202, device='cuda:0'), tensor(0.0211, device='cuda:0'), tensor(0.0204, device='cuda:0'), tensor(0.0206, device='cuda:0'), tensor(0.0212, device='cuda:0')]"
40,"[tensor(0.0206, device='cuda:0'), tensor(0.0204, device='cuda:0'), tensor(0.0217, device='cuda:0'), tensor(0.0205, device='cuda:0'), tensor(0.0213, device='cuda:0'), tensor(0.0209, device='cuda:0'), tensor(0.0206, device='cuda:0'), tensor(0.0207, device='cuda:0'), tensor(0.0211, device='cuda:0'), tensor(0.0204, device='cuda:0'), tensor(0.0209, device='cuda:0'), tensor(0.0208, device='cuda:0'), tensor(0.0205, device='cuda:0'), tensor(0.0203, device='cuda:0'), tensor(0.0203, device='cuda:0'), tensor(0.0217, device='cuda:0'), tensor(0.0209, device='cuda:0'), tensor(0.0210, device='cuda:0'), tensor(0.0205, device='cuda:0'), tensor(0.0204, device='cuda:0'), tensor(0.0204, device='cuda:0'), tensor(0.0212, device='cuda:0'), tensor(0.0204, device='cuda:0'), tensor(0.0204, device='cuda:0'), tensor(0.0203, device='cuda:0'), tensor(0.0206, device='cuda:0'), tensor(0.0213, device='cuda:0'), tensor(0.0210, device='cuda:0'), tensor(0.0206, device='cuda:0'), tensor(0.0200, device='cuda:0'), tensor(0.0220, device='cuda:0'), tensor(0.0221, device='cuda:0'), tensor(0.0204, device='cuda:0'), tensor(0.0210, device='cuda:0'), tensor(0.0215, device='cuda:0'), tensor(0.0214, device='cuda:0'), tensor(0.0211, device='cuda:0'), tensor(0.0209, device='cuda:0'), tensor(0.0208, device='cuda:0'), tensor(0.0205, device='cuda:0'), tensor(0.0208, device='cuda:0'), tensor(0.0209, device='cuda:0'), tensor(0.0214, device='cuda:0'), tensor(0.0204, device='cuda:0'), tensor(0.0214, device='cuda:0'), tensor(0.0217, device='cuda:0'), tensor(0.0204, device='cuda:0'), tensor(0.0209, device='cuda:0'), tensor(0.0206, device='cuda:0'), tensor(0.0209, device='cuda:0'), tensor(0.0207, device='cuda:0'), tensor(0.0202, device='cuda:0'), tensor(0.0203, device='cuda:0'), tensor(0.0203, device='cuda:0'), tensor(0.0211, device='cuda:0'), tensor(0.0220, device='cuda:0'), tensor(0.0206, device='cuda:0'), tensor(0.0208, device='cuda:0'), tensor(0.0215, device='cuda:0'), tensor(0.0218, device='cuda:0'), tensor(0.0206, device='cuda:0'), tensor(0.0204, device='cuda:0'), tensor(0.0204, device='cuda:0'), tensor(0.0205, device='cuda:0'), tensor(0.0221, device='cuda:0'), tensor(0.0218, device='cuda:0'), tensor(0.0208, device='cuda:0'), tensor(0.0204, device='cuda:0'), tensor(0.0208, device='cuda:0'), tensor(0.0202, device='cuda:0'), tensor(0.0205, device='cuda:0'), tensor(0.0202, device='cuda:0'), tensor(0.0207, device='cuda:0'), tensor(0.0215, device='cuda:0'), tensor(0.0205, device='cuda:0'), tensor(0.0203, device='cuda:0'), tensor(0.0205, device='cuda:0'), tensor(0.0206, device='cuda:0'), tensor(0.0205, device='cuda:0'), tensor(0.0204, device='cuda:0'), tensor(0.0221, device='cuda:0'), tensor(0.0209, device='cuda:0'), tensor(0.0208, device='cuda:0'), tensor(0.0201, device='cuda:0'), tensor(0.0204, device='cuda:0'), tensor(0.0206, device='cuda:0'), tensor(0.0205, device='cuda:0'), tensor(0.0221, device='cuda:0'), tensor(0.0203, device='cuda:0'), tensor(0.0215, device='cuda:0'), tensor(0.0205, device='cuda:0'), tensor(0.0206, device='cuda:0'), tensor(0.0204, device='cuda:0'), tensor(0.0216, device='cuda:0'), tensor(0.0207, device='cuda:0'), tensor(0.0209, device='cuda:0'), tensor(0.0206, device='cuda:0'), tensor(0.0205, device='cuda:0'), tensor(0.0202, device='cuda:0'), tensor(0.0205, device='cuda:0')]"
41,"[tensor(0.0203, device='cuda:0'), tensor(0.0207, device='cuda:0'), tensor(0.0214, device='cuda:0'), tensor(0.0205, device='cuda:0'), tensor(0.0204, device='cuda:0'), tensor(0.0209, device='cuda:0'), tensor(0.0203, device='cuda:0'), tensor(0.0204, device='cuda:0'), tensor(0.0204, device='cuda:0'), tensor(0.0209, device='cuda:0'), tensor(0.0206, device='cuda:0'), tensor(0.0206, device='cuda:0'), tensor(0.0203, device='cuda:0'), tensor(0.0209, device='cuda:0'), tensor(0.0210, device='cuda:0'), tensor(0.0219, device='cuda:0'), tensor(0.0207, device='cuda:0'), tensor(0.0214, device='cuda:0'), tensor(0.0207, device='cuda:0'), tensor(0.0204, device='cuda:0'), tensor(0.0210, device='cuda:0'), tensor(0.0207, device='cuda:0'), tensor(0.0211, device='cuda:0'), tensor(0.0210, device='cuda:0'), tensor(0.0210, device='cuda:0'), tensor(0.0212, device='cuda:0'), tensor(0.0211, device='cuda:0'), tensor(0.0205, device='cuda:0'), tensor(0.0205, device='cuda:0'), tensor(0.0207, device='cuda:0'), tensor(0.0218, device='cuda:0'), tensor(0.0223, device='cuda:0'), tensor(0.0211, device='cuda:0'), tensor(0.0208, device='cuda:0'), tensor(0.0206, device='cuda:0'), tensor(0.0206, device='cuda:0'), tensor(0.0215, device='cuda:0'), tensor(0.0203, device='cuda:0'), tensor(0.0208, device='cuda:0'), tensor(0.0203, device='cuda:0'), tensor(0.0203, device='cuda:0'), tensor(0.0202, device='cuda:0'), tensor(0.0212, device='cuda:0'), tensor(0.0210, device='cuda:0'), tensor(0.0217, device='cuda:0'), tensor(0.0214, device='cuda:0'), tensor(0.0211, device='cuda:0'), tensor(0.0203, device='cuda:0'), tensor(0.0204, device='cuda:0'), tensor(0.0207, device='cuda:0'), tensor(0.0206, device='cuda:0'), tensor(0.0203, device='cuda:0'), tensor(0.0210, device='cuda:0'), tensor(0.0208, device='cuda:0'), tensor(0.0214, device='cuda:0'), tensor(0.0217, device='cuda:0'), tensor(0.0209, device='cuda:0'), tensor(0.0205, device='cuda:0'), tensor(0.0212, device='cuda:0'), tensor(0.0216, device='cuda:0'), tensor(0.0212, device='cuda:0'), tensor(0.0207, device='cuda:0'), tensor(0.0205, device='cuda:0'), tensor(0.0203, device='cuda:0'), tensor(0.0224, device='cuda:0'), tensor(0.0215, device='cuda:0'), tensor(0.0206, device='cuda:0'), tensor(0.0203, device='cuda:0'), tensor(0.0205, device='cuda:0'), tensor(0.0202, device='cuda:0'), tensor(0.0207, device='cuda:0'), tensor(0.0205, device='cuda:0'), tensor(0.0205, device='cuda:0'), tensor(0.0213, device='cuda:0'), tensor(0.0207, device='cuda:0'), tensor(0.0206, device='cuda:0'), tensor(0.0210, device='cuda:0'), tensor(0.0213, device='cuda:0'), tensor(0.0205, device='cuda:0'), tensor(0.0207, device='cuda:0'), tensor(0.0217, device='cuda:0'), tensor(0.0208, device='cuda:0'), tensor(0.0208, device='cuda:0'), tensor(0.0208, device='cuda:0'), tensor(0.0208, device='cuda:0'), tensor(0.0207, device='cuda:0'), tensor(0.0213, device='cuda:0'), tensor(0.0218, device='cuda:0'), tensor(0.0205, device='cuda:0'), tensor(0.0212, device='cuda:0'), tensor(0.0205, device='cuda:0'), tensor(0.0207, device='cuda:0'), tensor(0.0202, device='cuda:0'), tensor(0.0212, device='cuda:0'), tensor(0.0204, device='cuda:0'), tensor(0.0203, device='cuda:0'), tensor(0.0212, device='cuda:0'), tensor(0.0205, device='cuda:0'), tensor(0.0206, device='cuda:0'), tensor(0.0213, device='cuda:0')]"
42,"[tensor(0.0207, device='cuda:0'), tensor(0.0205, device='cuda:0'), tensor(0.0217, device='cuda:0'), tensor(0.0207, device='cuda:0'), tensor(0.0214, device='cuda:0'), tensor(0.0210, device='cuda:0'), tensor(0.0208, device='cuda:0'), tensor(0.0208, device='cuda:0'), tensor(0.0212, device='cuda:0'), tensor(0.0205, device='cuda:0'), tensor(0.0210, device='cuda:0'), tensor(0.0209, device='cuda:0'), tensor(0.0205, device='cuda:0'), tensor(0.0204, device='cuda:0'), tensor(0.0203, device='cuda:0'), tensor(0.0217, device='cuda:0'), tensor(0.0211, device='cuda:0'), tensor(0.0210, device='cuda:0'), tensor(0.0206, device='cuda:0'), tensor(0.0205, device='cuda:0'), tensor(0.0205, device='cuda:0'), tensor(0.0212, device='cuda:0'), tensor(0.0205, device='cuda:0'), tensor(0.0204, device='cuda:0'), tensor(0.0204, device='cuda:0'), tensor(0.0207, device='cuda:0'), tensor(0.0214, device='cuda:0'), tensor(0.0211, device='cuda:0'), tensor(0.0207, device='cuda:0'), tensor(0.0200, device='cuda:0'), tensor(0.0221, device='cuda:0'), tensor(0.0221, device='cuda:0'), tensor(0.0205, device='cuda:0'), tensor(0.0211, device='cuda:0'), tensor(0.0216, device='cuda:0'), tensor(0.0215, device='cuda:0'), tensor(0.0211, device='cuda:0'), tensor(0.0210, device='cuda:0'), tensor(0.0208, device='cuda:0'), tensor(0.0206, device='cuda:0'), tensor(0.0209, device='cuda:0'), tensor(0.0210, device='cuda:0'), tensor(0.0214, device='cuda:0'), tensor(0.0205, device='cuda:0'), tensor(0.0215, device='cuda:0'), tensor(0.0217, device='cuda:0'), tensor(0.0204, device='cuda:0'), tensor(0.0209, device='cuda:0'), tensor(0.0206, device='cuda:0'), tensor(0.0210, device='cuda:0'), tensor(0.0208, device='cuda:0'), tensor(0.0203, device='cuda:0'), tensor(0.0204, device='cuda:0'), tensor(0.0204, device='cuda:0'), tensor(0.0211, device='cuda:0'), tensor(0.0220, device='cuda:0'), tensor(0.0206, device='cuda:0'), tensor(0.0208, device='cuda:0'), tensor(0.0215, device='cuda:0'), tensor(0.0218, device='cuda:0'), tensor(0.0207, device='cuda:0'), tensor(0.0205, device='cuda:0'), tensor(0.0204, device='cuda:0'), tensor(0.0206, device='cuda:0'), tensor(0.0221, device='cuda:0'), tensor(0.0218, device='cuda:0'), tensor(0.0210, device='cuda:0'), tensor(0.0204, device='cuda:0'), tensor(0.0209, device='cuda:0'), tensor(0.0204, device='cuda:0'), tensor(0.0206, device='cuda:0'), tensor(0.0202, device='cuda:0'), tensor(0.0209, device='cuda:0'), tensor(0.0215, device='cuda:0'), tensor(0.0207, device='cuda:0'), tensor(0.0204, device='cuda:0'), tensor(0.0206, device='cuda:0'), tensor(0.0206, device='cuda:0'), tensor(0.0205, device='cuda:0'), tensor(0.0204, device='cuda:0'), tensor(0.0221, device='cuda:0'), tensor(0.0209, device='cuda:0'), tensor(0.0209, device='cuda:0'), tensor(0.0201, device='cuda:0'), tensor(0.0204, device='cuda:0'), tensor(0.0206, device='cuda:0'), tensor(0.0205, device='cuda:0'), tensor(0.0221, device='cuda:0'), tensor(0.0203, device='cuda:0'), tensor(0.0216, device='cuda:0'), tensor(0.0206, device='cuda:0'), tensor(0.0207, device='cuda:0'), tensor(0.0205, device='cuda:0'), tensor(0.0216, device='cuda:0'), tensor(0.0208, device='cuda:0'), tensor(0.0210, device='cuda:0'), tensor(0.0206, device='cuda:0'), tensor(0.0205, device='cuda:0'), tensor(0.0202, device='cuda:0'), tensor(0.0206, device='cuda:0')]"
43,"[tensor(0.0203, device='cuda:0'), tensor(0.0206, device='cuda:0'), tensor(0.0214, device='cuda:0'), tensor(0.0206, device='cuda:0'), tensor(0.0204, device='cuda:0'), tensor(0.0210, device='cuda:0'), tensor(0.0203, device='cuda:0'), tensor(0.0205, device='cuda:0'), tensor(0.0205, device='cuda:0'), tensor(0.0210, device='cuda:0'), tensor(0.0207, device='cuda:0'), tensor(0.0206, device='cuda:0'), tensor(0.0203, device='cuda:0'), tensor(0.0210, device='cuda:0'), tensor(0.0211, device='cuda:0'), tensor(0.0219, device='cuda:0'), tensor(0.0208, device='cuda:0'), tensor(0.0214, device='cuda:0'), tensor(0.0208, device='cuda:0'), tensor(0.0205, device='cuda:0'), tensor(0.0211, device='cuda:0'), tensor(0.0208, device='cuda:0'), tensor(0.0212, device='cuda:0'), tensor(0.0211, device='cuda:0'), tensor(0.0211, device='cuda:0'), tensor(0.0213, device='cuda:0'), tensor(0.0212, device='cuda:0'), tensor(0.0205, device='cuda:0'), tensor(0.0206, device='cuda:0'), tensor(0.0210, device='cuda:0'), tensor(0.0218, device='cuda:0'), tensor(0.0223, device='cuda:0'), tensor(0.0212, device='cuda:0'), tensor(0.0208, device='cuda:0'), tensor(0.0207, device='cuda:0'), tensor(0.0206, device='cuda:0'), tensor(0.0215, device='cuda:0'), tensor(0.0204, device='cuda:0'), tensor(0.0209, device='cuda:0'), tensor(0.0204, device='cuda:0'), tensor(0.0204, device='cuda:0'), tensor(0.0203, device='cuda:0'), tensor(0.0212, device='cuda:0'), tensor(0.0211, device='cuda:0'), tensor(0.0217, device='cuda:0'), tensor(0.0214, device='cuda:0'), tensor(0.0212, device='cuda:0'), tensor(0.0204, device='cuda:0'), tensor(0.0205, device='cuda:0'), tensor(0.0207, device='cuda:0'), tensor(0.0207, device='cuda:0'), tensor(0.0204, device='cuda:0'), tensor(0.0211, device='cuda:0'), tensor(0.0210, device='cuda:0'), tensor(0.0214, device='cuda:0'), tensor(0.0218, device='cuda:0'), tensor(0.0210, device='cuda:0'), tensor(0.0205, device='cuda:0'), tensor(0.0212, device='cuda:0'), tensor(0.0216, device='cuda:0'), tensor(0.0212, device='cuda:0'), tensor(0.0208, device='cuda:0'), tensor(0.0206, device='cuda:0'), tensor(0.0204, device='cuda:0'), tensor(0.0224, device='cuda:0'), tensor(0.0215, device='cuda:0'), tensor(0.0207, device='cuda:0'), tensor(0.0203, device='cuda:0'), tensor(0.0205, device='cuda:0'), tensor(0.0202, device='cuda:0'), tensor(0.0208, device='cuda:0'), tensor(0.0205, device='cuda:0'), tensor(0.0206, device='cuda:0'), tensor(0.0213, device='cuda:0'), tensor(0.0208, device='cuda:0'), tensor(0.0207, device='cuda:0'), tensor(0.0211, device='cuda:0'), tensor(0.0213, device='cuda:0'), tensor(0.0205, device='cuda:0'), tensor(0.0208, device='cuda:0'), tensor(0.0217, device='cuda:0'), tensor(0.0209, device='cuda:0'), tensor(0.0208, device='cuda:0'), tensor(0.0209, device='cuda:0'), tensor(0.0209, device='cuda:0'), tensor(0.0208, device='cuda:0'), tensor(0.0213, device='cuda:0'), tensor(0.0218, device='cuda:0'), tensor(0.0206, device='cuda:0'), tensor(0.0213, device='cuda:0'), tensor(0.0206, device='cuda:0'), tensor(0.0207, device='cuda:0'), tensor(0.0202, device='cuda:0'), tensor(0.0213, device='cuda:0'), tensor(0.0204, device='cuda:0'), tensor(0.0204, device='cuda:0'), tensor(0.0213, device='cuda:0'), tensor(0.0205, device='cuda:0'), tensor(0.0207, device='cuda:0'), tensor(0.0213, device='cuda:0')]"
44,"[tensor(0.0209, device='cuda:0'), tensor(0.0205, device='cuda:0'), tensor(0.0217, device='cuda:0'), tensor(0.0208, device='cuda:0'), tensor(0.0215, device='cuda:0'), tensor(0.0210, device='cuda:0'), tensor(0.0209, device='cuda:0'), tensor(0.0209, device='cuda:0'), tensor(0.0213, device='cuda:0'), tensor(0.0206, device='cuda:0'), tensor(0.0211, device='cuda:0'), tensor(0.0210, device='cuda:0'), tensor(0.0206, device='cuda:0'), tensor(0.0205, device='cuda:0'), tensor(0.0204, device='cuda:0'), tensor(0.0217, device='cuda:0'), tensor(0.0212, device='cuda:0'), tensor(0.0210, device='cuda:0'), tensor(0.0206, device='cuda:0'), tensor(0.0205, device='cuda:0'), tensor(0.0205, device='cuda:0'), tensor(0.0214, device='cuda:0'), tensor(0.0206, device='cuda:0'), tensor(0.0205, device='cuda:0'), tensor(0.0204, device='cuda:0'), tensor(0.0207, device='cuda:0'), tensor(0.0216, device='cuda:0'), tensor(0.0212, device='cuda:0'), tensor(0.0208, device='cuda:0'), tensor(0.0201, device='cuda:0'), tensor(0.0221, device='cuda:0'), tensor(0.0221, device='cuda:0'), tensor(0.0206, device='cuda:0'), tensor(0.0211, device='cuda:0'), tensor(0.0217, device='cuda:0'), tensor(0.0216, device='cuda:0'), tensor(0.0212, device='cuda:0'), tensor(0.0211, device='cuda:0'), tensor(0.0209, device='cuda:0'), tensor(0.0206, device='cuda:0'), tensor(0.0210, device='cuda:0'), tensor(0.0211, device='cuda:0'), tensor(0.0215, device='cuda:0'), tensor(0.0205, device='cuda:0'), tensor(0.0215, device='cuda:0'), tensor(0.0218, device='cuda:0'), tensor(0.0205, device='cuda:0'), tensor(0.0210, device='cuda:0'), tensor(0.0207, device='cuda:0'), tensor(0.0210, device='cuda:0'), tensor(0.0209, device='cuda:0'), tensor(0.0204, device='cuda:0'), tensor(0.0204, device='cuda:0'), tensor(0.0204, device='cuda:0'), tensor(0.0211, device='cuda:0'), tensor(0.0221, device='cuda:0'), tensor(0.0207, device='cuda:0'), tensor(0.0209, device='cuda:0'), tensor(0.0215, device='cuda:0'), tensor(0.0219, device='cuda:0'), tensor(0.0207, device='cuda:0'), tensor(0.0206, device='cuda:0'), tensor(0.0204, device='cuda:0'), tensor(0.0207, device='cuda:0'), tensor(0.0221, device='cuda:0'), tensor(0.0218, device='cuda:0'), tensor(0.0210, device='cuda:0'), tensor(0.0205, device='cuda:0'), tensor(0.0210, device='cuda:0'), tensor(0.0205, device='cuda:0'), tensor(0.0206, device='cuda:0'), tensor(0.0203, device='cuda:0'), tensor(0.0209, device='cuda:0'), tensor(0.0216, device='cuda:0'), tensor(0.0209, device='cuda:0'), tensor(0.0204, device='cuda:0'), tensor(0.0206, device='cuda:0'), tensor(0.0207, device='cuda:0'), tensor(0.0206, device='cuda:0'), tensor(0.0205, device='cuda:0'), tensor(0.0221, device='cuda:0'), tensor(0.0209, device='cuda:0'), tensor(0.0210, device='cuda:0'), tensor(0.0202, device='cuda:0'), tensor(0.0205, device='cuda:0'), tensor(0.0207, device='cuda:0'), tensor(0.0206, device='cuda:0'), tensor(0.0221, device='cuda:0'), tensor(0.0204, device='cuda:0'), tensor(0.0216, device='cuda:0'), tensor(0.0207, device='cuda:0'), tensor(0.0209, device='cuda:0'), tensor(0.0206, device='cuda:0'), tensor(0.0216, device='cuda:0'), tensor(0.0209, device='cuda:0'), tensor(0.0211, device='cuda:0'), tensor(0.0206, device='cuda:0'), tensor(0.0207, device='cuda:0'), tensor(0.0203, device='cuda:0'), tensor(0.0206, device='cuda:0')]"
45,"[tensor(0.0204, device='cuda:0'), tensor(0.0206, device='cuda:0'), tensor(0.0215, device='cuda:0'), tensor(0.0206, device='cuda:0'), tensor(0.0205, device='cuda:0'), tensor(0.0211, device='cuda:0'), tensor(0.0204, device='cuda:0'), tensor(0.0205, device='cuda:0'), tensor(0.0205, device='cuda:0'), tensor(0.0211, device='cuda:0'), tensor(0.0207, device='cuda:0'), tensor(0.0207, device='cuda:0'), tensor(0.0204, device='cuda:0'), tensor(0.0211, device='cuda:0'), tensor(0.0212, device='cuda:0'), tensor(0.0219, device='cuda:0'), tensor(0.0208, device='cuda:0'), tensor(0.0215, device='cuda:0'), tensor(0.0209, device='cuda:0'), tensor(0.0205, device='cuda:0'), tensor(0.0212, device='cuda:0'), tensor(0.0208, device='cuda:0'), tensor(0.0213, device='cuda:0'), tensor(0.0212, device='cuda:0'), tensor(0.0212, device='cuda:0'), tensor(0.0214, device='cuda:0'), tensor(0.0213, device='cuda:0'), tensor(0.0206, device='cuda:0'), tensor(0.0206, device='cuda:0'), tensor(0.0212, device='cuda:0'), tensor(0.0218, device='cuda:0'), tensor(0.0223, device='cuda:0'), tensor(0.0212, device='cuda:0'), tensor(0.0209, device='cuda:0'), tensor(0.0207, device='cuda:0'), tensor(0.0207, device='cuda:0'), tensor(0.0216, device='cuda:0'), tensor(0.0205, device='cuda:0'), tensor(0.0211, device='cuda:0'), tensor(0.0204, device='cuda:0'), tensor(0.0204, device='cuda:0'), tensor(0.0204, device='cuda:0'), tensor(0.0213, device='cuda:0'), tensor(0.0212, device='cuda:0'), tensor(0.0217, device='cuda:0'), tensor(0.0215, device='cuda:0'), tensor(0.0213, device='cuda:0'), tensor(0.0204, device='cuda:0'), tensor(0.0205, device='cuda:0'), tensor(0.0208, device='cuda:0'), tensor(0.0207, device='cuda:0'), tensor(0.0205, device='cuda:0'), tensor(0.0212, device='cuda:0'), tensor(0.0211, device='cuda:0'), tensor(0.0215, device='cuda:0'), tensor(0.0218, device='cuda:0'), tensor(0.0211, device='cuda:0'), tensor(0.0206, device='cuda:0'), tensor(0.0213, device='cuda:0'), tensor(0.0216, device='cuda:0'), tensor(0.0213, device='cuda:0'), tensor(0.0208, device='cuda:0'), tensor(0.0207, device='cuda:0'), tensor(0.0205, device='cuda:0'), tensor(0.0224, device='cuda:0'), tensor(0.0215, device='cuda:0'), tensor(0.0208, device='cuda:0'), tensor(0.0203, device='cuda:0'), tensor(0.0206, device='cuda:0'), tensor(0.0203, device='cuda:0'), tensor(0.0209, device='cuda:0'), tensor(0.0206, device='cuda:0'), tensor(0.0206, device='cuda:0'), tensor(0.0213, device='cuda:0'), tensor(0.0209, device='cuda:0'), tensor(0.0208, device='cuda:0'), tensor(0.0212, device='cuda:0'), tensor(0.0215, device='cuda:0'), tensor(0.0206, device='cuda:0'), tensor(0.0209, device='cuda:0'), tensor(0.0217, device='cuda:0'), tensor(0.0210, device='cuda:0'), tensor(0.0209, device='cuda:0'), tensor(0.0209, device='cuda:0'), tensor(0.0209, device='cuda:0'), tensor(0.0209, device='cuda:0'), tensor(0.0214, device='cuda:0'), tensor(0.0218, device='cuda:0'), tensor(0.0207, device='cuda:0'), tensor(0.0217, device='cuda:0'), tensor(0.0206, device='cuda:0'), tensor(0.0207, device='cuda:0'), tensor(0.0203, device='cuda:0'), tensor(0.0213, device='cuda:0'), tensor(0.0205, device='cuda:0'), tensor(0.0205, device='cuda:0'), tensor(0.0213, device='cuda:0'), tensor(0.0206, device='cuda:0'), tensor(0.0208, device='cuda:0'), tensor(0.0214, device='cuda:0')]"
46,"[tensor(0.0209, device='cuda:0'), tensor(0.0206, device='cuda:0'), tensor(0.0218, device='cuda:0'), tensor(0.0208, device='cuda:0'), tensor(0.0216, device='cuda:0'), tensor(0.0210, device='cuda:0'), tensor(0.0210, device='cuda:0'), tensor(0.0210, device='cuda:0'), tensor(0.0213, device='cuda:0'), tensor(0.0206, device='cuda:0'), tensor(0.0212, device='cuda:0'), tensor(0.0211, device='cuda:0'), tensor(0.0206, device='cuda:0'), tensor(0.0205, device='cuda:0'), tensor(0.0204, device='cuda:0'), tensor(0.0217, device='cuda:0'), tensor(0.0213, device='cuda:0'), tensor(0.0210, device='cuda:0'), tensor(0.0207, device='cuda:0'), tensor(0.0206, device='cuda:0'), tensor(0.0205, device='cuda:0'), tensor(0.0214, device='cuda:0'), tensor(0.0206, device='cuda:0'), tensor(0.0205, device='cuda:0'), tensor(0.0205, device='cuda:0'), tensor(0.0207, device='cuda:0'), tensor(0.0216, device='cuda:0'), tensor(0.0213, device='cuda:0'), tensor(0.0208, device='cuda:0'), tensor(0.0202, device='cuda:0'), tensor(0.0221, device='cuda:0'), tensor(0.0221, device='cuda:0'), tensor(0.0206, device='cuda:0'), tensor(0.0212, device='cuda:0'), tensor(0.0218, device='cuda:0'), tensor(0.0216, device='cuda:0'), tensor(0.0212, device='cuda:0'), tensor(0.0212, device='cuda:0'), tensor(0.0209, device='cuda:0'), tensor(0.0207, device='cuda:0'), tensor(0.0210, device='cuda:0'), tensor(0.0211, device='cuda:0'), tensor(0.0215, device='cuda:0'), tensor(0.0205, device='cuda:0'), tensor(0.0215, device='cuda:0'), tensor(0.0218, device='cuda:0'), tensor(0.0205, device='cuda:0'), tensor(0.0211, device='cuda:0'), tensor(0.0207, device='cuda:0'), tensor(0.0212, device='cuda:0'), tensor(0.0210, device='cuda:0'), tensor(0.0204, device='cuda:0'), tensor(0.0205, device='cuda:0'), tensor(0.0205, device='cuda:0'), tensor(0.0212, device='cuda:0'), tensor(0.0221, device='cuda:0'), tensor(0.0207, device='cuda:0'), tensor(0.0210, device='cuda:0'), tensor(0.0216, device='cuda:0'), tensor(0.0219, device='cuda:0'), tensor(0.0208, device='cuda:0'), tensor(0.0206, device='cuda:0'), tensor(0.0205, device='cuda:0'), tensor(0.0207, device='cuda:0'), tensor(0.0221, device='cuda:0'), tensor(0.0218, device='cuda:0'), tensor(0.0211, device='cuda:0'), tensor(0.0205, device='cuda:0'), tensor(0.0211, device='cuda:0'), tensor(0.0207, device='cuda:0'), tensor(0.0207, device='cuda:0'), tensor(0.0204, device='cuda:0'), tensor(0.0210, device='cuda:0'), tensor(0.0216, device='cuda:0'), tensor(0.0210, device='cuda:0'), tensor(0.0205, device='cuda:0'), tensor(0.0207, device='cuda:0'), tensor(0.0207, device='cuda:0'), tensor(0.0207, device='cuda:0'), tensor(0.0205, device='cuda:0'), tensor(0.0221, device='cuda:0'), tensor(0.0210, device='cuda:0'), tensor(0.0211, device='cuda:0'), tensor(0.0203, device='cuda:0'), tensor(0.0205, device='cuda:0'), tensor(0.0207, device='cuda:0'), tensor(0.0207, device='cuda:0'), tensor(0.0221, device='cuda:0'), tensor(0.0204, device='cuda:0'), tensor(0.0217, device='cuda:0'), tensor(0.0208, device='cuda:0'), tensor(0.0210, device='cuda:0'), tensor(0.0207, device='cuda:0'), tensor(0.0216, device='cuda:0'), tensor(0.0209, device='cuda:0'), tensor(0.0211, device='cuda:0'), tensor(0.0207, device='cuda:0'), tensor(0.0207, device='cuda:0'), tensor(0.0203, device='cuda:0'), tensor(0.0207, device='cuda:0')]"
47,"[tensor(0.0204, device='cuda:0'), tensor(0.0207, device='cuda:0'), tensor(0.0215, device='cuda:0'), tensor(0.0207, device='cuda:0'), tensor(0.0205, device='cuda:0'), tensor(0.0212, device='cuda:0'), tensor(0.0204, device='cuda:0'), tensor(0.0206, device='cuda:0'), tensor(0.0206, device='cuda:0'), tensor(0.0212, device='cuda:0'), tensor(0.0207, device='cuda:0'), tensor(0.0207, device='cuda:0'), tensor(0.0205, device='cuda:0'), tensor(0.0212, device='cuda:0'), tensor(0.0213, device='cuda:0'), tensor(0.0219, device='cuda:0'), tensor(0.0209, device='cuda:0'), tensor(0.0216, device='cuda:0'), tensor(0.0210, device='cuda:0'), tensor(0.0206, device='cuda:0'), tensor(0.0212, device='cuda:0'), tensor(0.0208, device='cuda:0'), tensor(0.0214, device='cuda:0'), tensor(0.0213, device='cuda:0'), tensor(0.0212, device='cuda:0'), tensor(0.0214, device='cuda:0'), tensor(0.0213, device='cuda:0'), tensor(0.0206, device='cuda:0'), tensor(0.0207, device='cuda:0'), tensor(0.0213, device='cuda:0'), tensor(0.0218, device='cuda:0'), tensor(0.0223, device='cuda:0'), tensor(0.0213, device='cuda:0'), tensor(0.0209, device='cuda:0'), tensor(0.0207, device='cuda:0'), tensor(0.0207, device='cuda:0'), tensor(0.0216, device='cuda:0'), tensor(0.0205, device='cuda:0'), tensor(0.0211, device='cuda:0'), tensor(0.0205, device='cuda:0'), tensor(0.0205, device='cuda:0'), tensor(0.0204, device='cuda:0'), tensor(0.0213, device='cuda:0'), tensor(0.0213, device='cuda:0'), tensor(0.0218, device='cuda:0'), tensor(0.0215, device='cuda:0'), tensor(0.0213, device='cuda:0'), tensor(0.0205, device='cuda:0'), tensor(0.0206, device='cuda:0'), tensor(0.0208, device='cuda:0'), tensor(0.0207, device='cuda:0'), tensor(0.0205, device='cuda:0'), tensor(0.0213, device='cuda:0'), tensor(0.0212, device='cuda:0'), tensor(0.0215, device='cuda:0'), tensor(0.0218, device='cuda:0'), tensor(0.0212, device='cuda:0'), tensor(0.0206, device='cuda:0'), tensor(0.0213, device='cuda:0'), tensor(0.0217, device='cuda:0'), tensor(0.0214, device='cuda:0'), tensor(0.0210, device='cuda:0'), tensor(0.0208, device='cuda:0'), tensor(0.0205, device='cuda:0'), tensor(0.0224, device='cuda:0'), tensor(0.0216, device='cuda:0'), tensor(0.0208, device='cuda:0'), tensor(0.0204, device='cuda:0'), tensor(0.0206, device='cuda:0'), tensor(0.0204, device='cuda:0'), tensor(0.0211, device='cuda:0'), tensor(0.0208, device='cuda:0'), tensor(0.0207, device='cuda:0'), tensor(0.0213, device='cuda:0'), tensor(0.0209, device='cuda:0'), tensor(0.0209, device='cuda:0'), tensor(0.0212, device='cuda:0'), tensor(0.0215, device='cuda:0'), tensor(0.0206, device='cuda:0'), tensor(0.0210, device='cuda:0'), tensor(0.0218, device='cuda:0'), tensor(0.0211, device='cuda:0'), tensor(0.0209, device='cuda:0'), tensor(0.0210, device='cuda:0'), tensor(0.0209, device='cuda:0'), tensor(0.0210, device='cuda:0'), tensor(0.0215, device='cuda:0'), tensor(0.0219, device='cuda:0'), tensor(0.0208, device='cuda:0'), tensor(0.0219, device='cuda:0'), tensor(0.0206, device='cuda:0'), tensor(0.0207, device='cuda:0'), tensor(0.0203, device='cuda:0'), tensor(0.0213, device='cuda:0'), tensor(0.0205, device='cuda:0'), tensor(0.0205, device='cuda:0'), tensor(0.0214, device='cuda:0'), tensor(0.0206, device='cuda:0'), tensor(0.0210, device='cuda:0'), tensor(0.0215, device='cuda:0')]"
48,"[tensor(0.0210, device='cuda:0'), tensor(0.0206, device='cuda:0'), tensor(0.0218, device='cuda:0'), tensor(0.0209, device='cuda:0'), tensor(0.0216, device='cuda:0'), tensor(0.0211, device='cuda:0'), tensor(0.0211, device='cuda:0'), tensor(0.0211, device='cuda:0'), tensor(0.0214, device='cuda:0'), tensor(0.0207, device='cuda:0'), tensor(0.0213, device='cuda:0'), tensor(0.0212, device='cuda:0'), tensor(0.0206, device='cuda:0'), tensor(0.0206, device='cuda:0'), tensor(0.0204, device='cuda:0'), tensor(0.0217, device='cuda:0'), tensor(0.0214, device='cuda:0'), tensor(0.0210, device='cuda:0'), tensor(0.0207, device='cuda:0'), tensor(0.0206, device='cuda:0'), tensor(0.0206, device='cuda:0'), tensor(0.0215, device='cuda:0'), tensor(0.0207, device='cuda:0'), tensor(0.0205, device='cuda:0'), tensor(0.0205, device='cuda:0'), tensor(0.0208, device='cuda:0'), tensor(0.0217, device='cuda:0'), tensor(0.0214, device='cuda:0'), tensor(0.0209, device='cuda:0'), tensor(0.0202, device='cuda:0'), tensor(0.0221, device='cuda:0'), tensor(0.0221, device='cuda:0'), tensor(0.0207, device='cuda:0'), tensor(0.0212, device='cuda:0'), tensor(0.0218, device='cuda:0'), tensor(0.0217, device='cuda:0'), tensor(0.0212, device='cuda:0'), tensor(0.0213, device='cuda:0'), tensor(0.0210, device='cuda:0'), tensor(0.0207, device='cuda:0'), tensor(0.0211, device='cuda:0'), tensor(0.0212, device='cuda:0'), tensor(0.0216, device='cuda:0'), tensor(0.0205, device='cuda:0'), tensor(0.0215, device='cuda:0'), tensor(0.0218, device='cuda:0'), tensor(0.0206, device='cuda:0'), tensor(0.0212, device='cuda:0'), tensor(0.0208, device='cuda:0'), tensor(0.0212, device='cuda:0'), tensor(0.0210, device='cuda:0'), tensor(0.0205, device='cuda:0'), tensor(0.0205, device='cuda:0'), tensor(0.0206, device='cuda:0'), tensor(0.0212, device='cuda:0'), tensor(0.0221, device='cuda:0'), tensor(0.0208, device='cuda:0'), tensor(0.0210, device='cuda:0'), tensor(0.0216, device='cuda:0'), tensor(0.0219, device='cuda:0'), tensor(0.0208, device='cuda:0'), tensor(0.0207, device='cuda:0'), tensor(0.0205, device='cuda:0'), tensor(0.0209, device='cuda:0'), tensor(0.0221, device='cuda:0'), tensor(0.0218, device='cuda:0'), tensor(0.0212, device='cuda:0'), tensor(0.0205, device='cuda:0'), tensor(0.0212, device='cuda:0'), tensor(0.0209, device='cuda:0'), tensor(0.0207, device='cuda:0'), tensor(0.0204, device='cuda:0'), tensor(0.0212, device='cuda:0'), tensor(0.0216, device='cuda:0'), tensor(0.0211, device='cuda:0'), tensor(0.0205, device='cuda:0'), tensor(0.0207, device='cuda:0'), tensor(0.0208, device='cuda:0'), tensor(0.0207, device='cuda:0'), tensor(0.0205, device='cuda:0'), tensor(0.0222, device='cuda:0'), tensor(0.0210, device='cuda:0'), tensor(0.0212, device='cuda:0'), tensor(0.0203, device='cuda:0'), tensor(0.0206, device='cuda:0'), tensor(0.0207, device='cuda:0'), tensor(0.0207, device='cuda:0'), tensor(0.0221, device='cuda:0'), tensor(0.0205, device='cuda:0'), tensor(0.0217, device='cuda:0'), tensor(0.0209, device='cuda:0'), tensor(0.0211, device='cuda:0'), tensor(0.0208, device='cuda:0'), tensor(0.0217, device='cuda:0'), tensor(0.0210, device='cuda:0'), tensor(0.0212, device='cuda:0'), tensor(0.0207, device='cuda:0'), tensor(0.0208, device='cuda:0'), tensor(0.0204, device='cuda:0'), tensor(0.0208, device='cuda:0')]"
49,"[tensor(0.0205, device='cuda:0'), tensor(0.0207, device='cuda:0'), tensor(0.0215, device='cuda:0'), tensor(0.0207, device='cuda:0'), tensor(0.0206, device='cuda:0'), tensor(0.0213, device='cuda:0'), tensor(0.0205, device='cuda:0'), tensor(0.0206, device='cuda:0'), tensor(0.0206, device='cuda:0'), tensor(0.0213, device='cuda:0'), tensor(0.0208, device='cuda:0'), tensor(0.0208, device='cuda:0'), tensor(0.0205, device='cuda:0'), tensor(0.0212, device='cuda:0'), tensor(0.0213, device='cuda:0'), tensor(0.0219, device='cuda:0'), tensor(0.0209, device='cuda:0'), tensor(0.0216, device='cuda:0'), tensor(0.0211, device='cuda:0'), tensor(0.0206, device='cuda:0'), tensor(0.0213, device='cuda:0'), tensor(0.0209, device='cuda:0'), tensor(0.0214, device='cuda:0'), tensor(0.0214, device='cuda:0'), tensor(0.0213, device='cuda:0'), tensor(0.0215, device='cuda:0'), tensor(0.0214, device='cuda:0'), tensor(0.0207, device='cuda:0'), tensor(0.0207, device='cuda:0'), tensor(0.0213, device='cuda:0'), tensor(0.0218, device='cuda:0'), tensor(0.0223, device='cuda:0'), tensor(0.0214, device='cuda:0'), tensor(0.0210, device='cuda:0'), tensor(0.0208, device='cuda:0'), tensor(0.0207, device='cuda:0'), tensor(0.0216, device='cuda:0'), tensor(0.0206, device='cuda:0'), tensor(0.0212, device='cuda:0'), tensor(0.0205, device='cuda:0'), tensor(0.0205, device='cuda:0'), tensor(0.0205, device='cuda:0'), tensor(0.0214, device='cuda:0'), tensor(0.0213, device='cuda:0'), tensor(0.0218, device='cuda:0'), tensor(0.0216, device='cuda:0'), tensor(0.0214, device='cuda:0'), tensor(0.0205, device='cuda:0'), tensor(0.0206, device='cuda:0'), tensor(0.0208, device='cuda:0'), tensor(0.0208, device='cuda:0'), tensor(0.0206, device='cuda:0'), tensor(0.0214, device='cuda:0'), tensor(0.0212, device='cuda:0'), tensor(0.0215, device='cuda:0'), tensor(0.0218, device='cuda:0'), tensor(0.0213, device='cuda:0'), tensor(0.0207, device='cuda:0'), tensor(0.0214, device='cuda:0'), tensor(0.0217, device='cuda:0'), tensor(0.0215, device='cuda:0'), tensor(0.0210, device='cuda:0'), tensor(0.0209, device='cuda:0'), tensor(0.0206, device='cuda:0'), tensor(0.0224, device='cuda:0'), tensor(0.0216, device='cuda:0'), tensor(0.0208, device='cuda:0'), tensor(0.0204, device='cuda:0'), tensor(0.0207, device='cuda:0'), tensor(0.0205, device='cuda:0'), tensor(0.0212, device='cuda:0'), tensor(0.0209, device='cuda:0'), tensor(0.0207, device='cuda:0'), tensor(0.0214, device='cuda:0'), tensor(0.0210, device='cuda:0'), tensor(0.0210, device='cuda:0'), tensor(0.0213, device='cuda:0'), tensor(0.0216, device='cuda:0'), tensor(0.0206, device='cuda:0'), tensor(0.0212, device='cuda:0'), tensor(0.0218, device='cuda:0'), tensor(0.0212, device='cuda:0'), tensor(0.0209, device='cuda:0'), tensor(0.0210, device='cuda:0'), tensor(0.0209, device='cuda:0'), tensor(0.0210, device='cuda:0'), tensor(0.0215, device='cuda:0'), tensor(0.0219, device='cuda:0'), tensor(0.0208, device='cuda:0'), tensor(0.0219, device='cuda:0'), tensor(0.0207, device='cuda:0'), tensor(0.0208, device='cuda:0'), tensor(0.0204, device='cuda:0'), tensor(0.0213, device='cuda:0'), tensor(0.0206, device='cuda:0'), tensor(0.0205, device='cuda:0'), tensor(0.0214, device='cuda:0'), tensor(0.0206, device='cuda:0'), tensor(0.0211, device='cuda:0'), tensor(0.0215, device='cuda:0')]"
50,"[tensor(0.0211, device='cuda:0'), tensor(0.0207, device='cuda:0'), tensor(0.0218, device='cuda:0'), tensor(0.0209, device='cuda:0'), tensor(0.0217, device='cuda:0'), tensor(0.0211, device='cuda:0'), tensor(0.0211, device='cuda:0'), tensor(0.0212, device='cuda:0'), tensor(0.0214, device='cuda:0'), tensor(0.0207, device='cuda:0'), tensor(0.0214, device='cuda:0'), tensor(0.0212, device='cuda:0'), tensor(0.0206, device='cuda:0'), tensor(0.0206, device='cuda:0'), tensor(0.0205, device='cuda:0'), tensor(0.0217, device='cuda:0'), tensor(0.0214, device='cuda:0'), tensor(0.0210, device='cuda:0'), tensor(0.0207, device='cuda:0'), tensor(0.0206, device='cuda:0'), tensor(0.0206, device='cuda:0'), tensor(0.0215, device='cuda:0'), tensor(0.0207, device='cuda:0'), tensor(0.0206, device='cuda:0'), tensor(0.0205, device='cuda:0'), tensor(0.0208, device='cuda:0'), tensor(0.0217, device='cuda:0'), tensor(0.0214, device='cuda:0'), tensor(0.0209, device='cuda:0'), tensor(0.0203, device='cuda:0'), tensor(0.0221, device='cuda:0'), tensor(0.0221, device='cuda:0'), tensor(0.0207, device='cuda:0'), tensor(0.0213, device='cuda:0'), tensor(0.0219, device='cuda:0'), tensor(0.0217, device='cuda:0'), tensor(0.0213, device='cuda:0'), tensor(0.0213, device='cuda:0'), tensor(0.0210, device='cuda:0'), tensor(0.0208, device='cuda:0'), tensor(0.0212, device='cuda:0'), tensor(0.0213, device='cuda:0'), tensor(0.0216, device='cuda:0'), tensor(0.0206, device='cuda:0'), tensor(0.0216, device='cuda:0'), tensor(0.0219, device='cuda:0'), tensor(0.0206, device='cuda:0'), tensor(0.0212, device='cuda:0'), tensor(0.0209, device='cuda:0'), tensor(0.0212, device='cuda:0'), tensor(0.0212, device='cuda:0'), tensor(0.0205, device='cuda:0'), tensor(0.0205, device='cuda:0'), tensor(0.0206, device='cuda:0'), tensor(0.0213, device='cuda:0'), tensor(0.0221, device='cuda:0'), tensor(0.0208, device='cuda:0'), tensor(0.0211, device='cuda:0'), tensor(0.0217, device='cuda:0'), tensor(0.0219, device='cuda:0'), tensor(0.0209, device='cuda:0'), tensor(0.0207, device='cuda:0'), tensor(0.0205, device='cuda:0'), tensor(0.0210, device='cuda:0'), tensor(0.0221, device='cuda:0'), tensor(0.0218, device='cuda:0'), tensor(0.0213, device='cuda:0'), tensor(0.0205, device='cuda:0'), tensor(0.0212, device='cuda:0'), tensor(0.0210, device='cuda:0'), tensor(0.0207, device='cuda:0'), tensor(0.0205, device='cuda:0'), tensor(0.0212, device='cuda:0'), tensor(0.0217, device='cuda:0'), tensor(0.0212, device='cuda:0'), tensor(0.0205, device='cuda:0'), tensor(0.0208, device='cuda:0'), tensor(0.0208, device='cuda:0'), tensor(0.0208, device='cuda:0'), tensor(0.0205, device='cuda:0'), tensor(0.0222, device='cuda:0'), tensor(0.0210, device='cuda:0'), tensor(0.0212, device='cuda:0'), tensor(0.0204, device='cuda:0'), tensor(0.0206, device='cuda:0'), tensor(0.0208, device='cuda:0'), tensor(0.0207, device='cuda:0'), tensor(0.0222, device='cuda:0'), tensor(0.0205, device='cuda:0'), tensor(0.0217, device='cuda:0'), tensor(0.0209, device='cuda:0'), tensor(0.0211, device='cuda:0'), tensor(0.0208, device='cuda:0'), tensor(0.0217, device='cuda:0'), tensor(0.0210, device='cuda:0'), tensor(0.0213, device='cuda:0'), tensor(0.0208, device='cuda:0'), tensor(0.0209, device='cuda:0'), tensor(0.0205, device='cuda:0'), tensor(0.0208, device='cuda:0')]"
51,"[tensor(0.0205, device='cuda:0'), tensor(0.0207, device='cuda:0'), tensor(0.0215, device='cuda:0'), tensor(0.0207, device='cuda:0'), tensor(0.0206, device='cuda:0'), tensor(0.0214, device='cuda:0'), tensor(0.0205, device='cuda:0'), tensor(0.0206, device='cuda:0'), tensor(0.0207, device='cuda:0'), tensor(0.0214, device='cuda:0'), tensor(0.0208, device='cuda:0'), tensor(0.0208, device='cuda:0'), tensor(0.0205, device='cuda:0'), tensor(0.0213, device='cuda:0'), tensor(0.0214, device='cuda:0'), tensor(0.0220, device='cuda:0'), tensor(0.0210, device='cuda:0'), tensor(0.0217, device='cuda:0'), tensor(0.0211, device='cuda:0'), tensor(0.0207, device='cuda:0'), tensor(0.0214, device='cuda:0'), tensor(0.0209, device='cuda:0'), tensor(0.0215, device='cuda:0'), tensor(0.0214, device='cuda:0'), tensor(0.0213, device='cuda:0'), tensor(0.0215, device='cuda:0'), tensor(0.0214, device='cuda:0'), tensor(0.0207, device='cuda:0'), tensor(0.0208, device='cuda:0'), tensor(0.0214, device='cuda:0'), tensor(0.0218, device='cuda:0'), tensor(0.0223, device='cuda:0'), tensor(0.0215, device='cuda:0'), tensor(0.0210, device='cuda:0'), tensor(0.0208, device='cuda:0'), tensor(0.0207, device='cuda:0'), tensor(0.0217, device='cuda:0'), tensor(0.0206, device='cuda:0'), tensor(0.0213, device='cuda:0'), tensor(0.0205, device='cuda:0'), tensor(0.0205, device='cuda:0'), tensor(0.0205, device='cuda:0'), tensor(0.0214, device='cuda:0'), tensor(0.0214, device='cuda:0'), tensor(0.0218, device='cuda:0'), tensor(0.0216, device='cuda:0'), tensor(0.0215, device='cuda:0'), tensor(0.0206, device='cuda:0'), tensor(0.0206, device='cuda:0'), tensor(0.0209, device='cuda:0'), tensor(0.0208, device='cuda:0'), tensor(0.0206, device='cuda:0'), tensor(0.0214, device='cuda:0'), tensor(0.0213, device='cuda:0'), tensor(0.0216, device='cuda:0'), tensor(0.0218, device='cuda:0'), tensor(0.0213, device='cuda:0'), tensor(0.0207, device='cuda:0'), tensor(0.0214, device='cuda:0'), tensor(0.0217, device='cuda:0'), tensor(0.0215, device='cuda:0'), tensor(0.0211, device='cuda:0'), tensor(0.0210, device='cuda:0'), tensor(0.0206, device='cuda:0'), tensor(0.0224, device='cuda:0'), tensor(0.0216, device='cuda:0'), tensor(0.0208, device='cuda:0'), tensor(0.0205, device='cuda:0'), tensor(0.0207, device='cuda:0'), tensor(0.0205, device='cuda:0'), tensor(0.0213, device='cuda:0'), tensor(0.0211, device='cuda:0'), tensor(0.0207, device='cuda:0'), tensor(0.0214, device='cuda:0'), tensor(0.0210, device='cuda:0'), tensor(0.0211, device='cuda:0'), tensor(0.0214, device='cuda:0'), tensor(0.0216, device='cuda:0'), tensor(0.0207, device='cuda:0'), tensor(0.0213, device='cuda:0'), tensor(0.0218, device='cuda:0'), tensor(0.0212, device='cuda:0'), tensor(0.0209, device='cuda:0'), tensor(0.0210, device='cuda:0'), tensor(0.0210, device='cuda:0'), tensor(0.0211, device='cuda:0'), tensor(0.0216, device='cuda:0'), tensor(0.0219, device='cuda:0'), tensor(0.0209, device='cuda:0'), tensor(0.0219, device='cuda:0'), tensor(0.0207, device='cuda:0'), tensor(0.0208, device='cuda:0'), tensor(0.0204, device='cuda:0'), tensor(0.0213, device='cuda:0'), tensor(0.0206, device='cuda:0'), tensor(0.0206, device='cuda:0'), tensor(0.0215, device='cuda:0'), tensor(0.0207, device='cuda:0'), tensor(0.0212, device='cuda:0'), tensor(0.0215, device='cuda:0')]"
52,"[tensor(0.0212, device='cuda:0'), tensor(0.0207, device='cuda:0'), tensor(0.0218, device='cuda:0'), tensor(0.0210, device='cuda:0'), tensor(0.0217, device='cuda:0'), tensor(0.0211, device='cuda:0'), tensor(0.0212, device='cuda:0'), tensor(0.0213, device='cuda:0'), tensor(0.0216, device='cuda:0'), tensor(0.0207, device='cuda:0'), tensor(0.0214, device='cuda:0'), tensor(0.0213, device='cuda:0'), tensor(0.0207, device='cuda:0'), tensor(0.0207, device='cuda:0'), tensor(0.0205, device='cuda:0'), tensor(0.0217, device='cuda:0'), tensor(0.0215, device='cuda:0'), tensor(0.0210, device='cuda:0'), tensor(0.0208, device='cuda:0'), tensor(0.0207, device='cuda:0'), tensor(0.0206, device='cuda:0'), tensor(0.0216, device='cuda:0'), tensor(0.0207, device='cuda:0'), tensor(0.0206, device='cuda:0'), tensor(0.0206, device='cuda:0'), tensor(0.0208, device='cuda:0'), tensor(0.0218, device='cuda:0'), tensor(0.0215, device='cuda:0'), tensor(0.0209, device='cuda:0'), tensor(0.0203, device='cuda:0'), tensor(0.0221, device='cuda:0'), tensor(0.0221, device='cuda:0'), tensor(0.0208, device='cuda:0'), tensor(0.0213, device='cuda:0'), tensor(0.0219, device='cuda:0'), tensor(0.0218, device='cuda:0'), tensor(0.0213, device='cuda:0'), tensor(0.0213, device='cuda:0'), tensor(0.0210, device='cuda:0'), tensor(0.0208, device='cuda:0'), tensor(0.0212, device='cuda:0'), tensor(0.0214, device='cuda:0'), tensor(0.0217, device='cuda:0'), tensor(0.0206, device='cuda:0'), tensor(0.0216, device='cuda:0'), tensor(0.0219, device='cuda:0'), tensor(0.0206, device='cuda:0'), tensor(0.0212, device='cuda:0'), tensor(0.0209, device='cuda:0'), tensor(0.0213, device='cuda:0'), tensor(0.0212, device='cuda:0'), tensor(0.0206, device='cuda:0'), tensor(0.0206, device='cuda:0'), tensor(0.0207, device='cuda:0'), tensor(0.0213, device='cuda:0'), tensor(0.0221, device='cuda:0'), tensor(0.0209, device='cuda:0'), tensor(0.0212, device='cuda:0'), tensor(0.0217, device='cuda:0'), tensor(0.0219, device='cuda:0'), tensor(0.0209, device='cuda:0'), tensor(0.0208, device='cuda:0'), tensor(0.0206, device='cuda:0'), tensor(0.0211, device='cuda:0'), tensor(0.0221, device='cuda:0'), tensor(0.0219, device='cuda:0'), tensor(0.0214, device='cuda:0'), tensor(0.0205, device='cuda:0'), tensor(0.0212, device='cuda:0'), tensor(0.0210, device='cuda:0'), tensor(0.0208, device='cuda:0'), tensor(0.0205, device='cuda:0'), tensor(0.0213, device='cuda:0'), tensor(0.0217, device='cuda:0'), tensor(0.0212, device='cuda:0'), tensor(0.0206, device='cuda:0'), tensor(0.0208, device='cuda:0'), tensor(0.0208, device='cuda:0'), tensor(0.0208, device='cuda:0'), tensor(0.0206, device='cuda:0'), tensor(0.0221, device='cuda:0'), tensor(0.0210, device='cuda:0'), tensor(0.0213, device='cuda:0'), tensor(0.0204, device='cuda:0'), tensor(0.0206, device='cuda:0'), tensor(0.0208, device='cuda:0'), tensor(0.0208, device='cuda:0'), tensor(0.0222, device='cuda:0'), tensor(0.0205, device='cuda:0'), tensor(0.0217, device='cuda:0'), tensor(0.0211, device='cuda:0'), tensor(0.0212, device='cuda:0'), tensor(0.0209, device='cuda:0'), tensor(0.0217, device='cuda:0'), tensor(0.0211, device='cuda:0'), tensor(0.0214, device='cuda:0'), tensor(0.0208, device='cuda:0'), tensor(0.0210, device='cuda:0'), tensor(0.0206, device='cuda:0'), tensor(0.0208, device='cuda:0')]"
53,"[tensor(0.0205, device='cuda:0'), tensor(0.0208, device='cuda:0'), tensor(0.0215, device='cuda:0'), tensor(0.0208, device='cuda:0'), tensor(0.0207, device='cuda:0'), tensor(0.0214, device='cuda:0'), tensor(0.0205, device='cuda:0'), tensor(0.0207, device='cuda:0'), tensor(0.0207, device='cuda:0'), tensor(0.0214, device='cuda:0'), tensor(0.0209, device='cuda:0'), tensor(0.0208, device='cuda:0'), tensor(0.0206, device='cuda:0'), tensor(0.0214, device='cuda:0'), tensor(0.0215, device='cuda:0'), tensor(0.0220, device='cuda:0'), tensor(0.0210, device='cuda:0'), tensor(0.0217, device='cuda:0'), tensor(0.0212, device='cuda:0'), tensor(0.0207, device='cuda:0'), tensor(0.0215, device='cuda:0'), tensor(0.0209, device='cuda:0'), tensor(0.0215, device='cuda:0'), tensor(0.0215, device='cuda:0'), tensor(0.0214, device='cuda:0'), tensor(0.0216, device='cuda:0'), tensor(0.0215, device='cuda:0'), tensor(0.0208, device='cuda:0'), tensor(0.0208, device='cuda:0'), tensor(0.0214, device='cuda:0'), tensor(0.0218, device='cuda:0'), tensor(0.0223, device='cuda:0'), tensor(0.0215, device='cuda:0'), tensor(0.0210, device='cuda:0'), tensor(0.0208, device='cuda:0'), tensor(0.0208, device='cuda:0'), tensor(0.0217, device='cuda:0'), tensor(0.0206, device='cuda:0'), tensor(0.0214, device='cuda:0'), tensor(0.0205, device='cuda:0'), tensor(0.0206, device='cuda:0'), tensor(0.0205, device='cuda:0'), tensor(0.0214, device='cuda:0'), tensor(0.0214, device='cuda:0'), tensor(0.0219, device='cuda:0'), tensor(0.0217, device='cuda:0'), tensor(0.0215, device='cuda:0'), tensor(0.0206, device='cuda:0'), tensor(0.0207, device='cuda:0'), tensor(0.0209, device='cuda:0'), tensor(0.0208, device='cuda:0'), tensor(0.0207, device='cuda:0'), tensor(0.0215, device='cuda:0'), tensor(0.0213, device='cuda:0'), tensor(0.0216, device='cuda:0'), tensor(0.0218, device='cuda:0'), tensor(0.0214, device='cuda:0'), tensor(0.0207, device='cuda:0'), tensor(0.0215, device='cuda:0'), tensor(0.0217, device='cuda:0'), tensor(0.0215, device='cuda:0'), tensor(0.0212, device='cuda:0'), tensor(0.0211, device='cuda:0'), tensor(0.0206, device='cuda:0'), tensor(0.0224, device='cuda:0'), tensor(0.0216, device='cuda:0'), tensor(0.0209, device='cuda:0'), tensor(0.0206, device='cuda:0'), tensor(0.0207, device='cuda:0'), tensor(0.0206, device='cuda:0'), tensor(0.0213, device='cuda:0'), tensor(0.0211, device='cuda:0'), tensor(0.0208, device='cuda:0'), tensor(0.0214, device='cuda:0'), tensor(0.0210, device='cuda:0'), tensor(0.0212, device='cuda:0'), tensor(0.0214, device='cuda:0'), tensor(0.0217, device='cuda:0'), tensor(0.0207, device='cuda:0'), tensor(0.0213, device='cuda:0'), tensor(0.0218, device='cuda:0'), tensor(0.0213, device='cuda:0'), tensor(0.0209, device='cuda:0'), tensor(0.0211, device='cuda:0'), tensor(0.0211, device='cuda:0'), tensor(0.0212, device='cuda:0'), tensor(0.0217, device='cuda:0'), tensor(0.0219, device='cuda:0'), tensor(0.0209, device='cuda:0'), tensor(0.0220, device='cuda:0'), tensor(0.0207, device='cuda:0'), tensor(0.0208, device='cuda:0'), tensor(0.0204, device='cuda:0'), tensor(0.0214, device='cuda:0'), tensor(0.0206, device='cuda:0'), tensor(0.0206, device='cuda:0'), tensor(0.0216, device='cuda:0'), tensor(0.0207, device='cuda:0'), tensor(0.0213, device='cuda:0'), tensor(0.0216, device='cuda:0')]"
54,"[tensor(0.0212, device='cuda:0'), tensor(0.0207, device='cuda:0'), tensor(0.0218, device='cuda:0'), tensor(0.0211, device='cuda:0'), tensor(0.0217, device='cuda:0'), tensor(0.0212, device='cuda:0'), tensor(0.0212, device='cuda:0'), tensor(0.0213, device='cuda:0'), tensor(0.0216, device='cuda:0'), tensor(0.0208, device='cuda:0'), tensor(0.0214, device='cuda:0'), tensor(0.0214, device='cuda:0'), tensor(0.0207, device='cuda:0'), tensor(0.0207, device='cuda:0'), tensor(0.0205, device='cuda:0'), tensor(0.0217, device='cuda:0'), tensor(0.0215, device='cuda:0'), tensor(0.0210, device='cuda:0'), tensor(0.0208, device='cuda:0'), tensor(0.0207, device='cuda:0'), tensor(0.0206, device='cuda:0'), tensor(0.0216, device='cuda:0'), tensor(0.0208, device='cuda:0'), tensor(0.0206, device='cuda:0'), tensor(0.0206, device='cuda:0'), tensor(0.0209, device='cuda:0'), tensor(0.0218, device='cuda:0'), tensor(0.0215, device='cuda:0'), tensor(0.0210, device='cuda:0'), tensor(0.0204, device='cuda:0'), tensor(0.0222, device='cuda:0'), tensor(0.0221, device='cuda:0'), tensor(0.0208, device='cuda:0'), tensor(0.0215, device='cuda:0'), tensor(0.0219, device='cuda:0'), tensor(0.0218, device='cuda:0'), tensor(0.0213, device='cuda:0'), tensor(0.0214, device='cuda:0'), tensor(0.0211, device='cuda:0'), tensor(0.0208, device='cuda:0'), tensor(0.0212, device='cuda:0'), tensor(0.0214, device='cuda:0'), tensor(0.0217, device='cuda:0'), tensor(0.0206, device='cuda:0'), tensor(0.0216, device='cuda:0'), tensor(0.0219, device='cuda:0'), tensor(0.0206, device='cuda:0'), tensor(0.0213, device='cuda:0'), tensor(0.0209, device='cuda:0'), tensor(0.0214, device='cuda:0'), tensor(0.0213, device='cuda:0'), tensor(0.0206, device='cuda:0'), tensor(0.0206, device='cuda:0'), tensor(0.0207, device='cuda:0'), tensor(0.0213, device='cuda:0'), tensor(0.0221, device='cuda:0'), tensor(0.0209, device='cuda:0'), tensor(0.0213, device='cuda:0'), tensor(0.0218, device='cuda:0'), tensor(0.0219, device='cuda:0'), tensor(0.0209, device='cuda:0'), tensor(0.0208, device='cuda:0'), tensor(0.0206, device='cuda:0'), tensor(0.0212, device='cuda:0'), tensor(0.0221, device='cuda:0'), tensor(0.0219, device='cuda:0'), tensor(0.0214, device='cuda:0'), tensor(0.0205, device='cuda:0'), tensor(0.0213, device='cuda:0'), tensor(0.0211, device='cuda:0'), tensor(0.0208, device='cuda:0'), tensor(0.0206, device='cuda:0'), tensor(0.0213, device='cuda:0'), tensor(0.0217, device='cuda:0'), tensor(0.0212, device='cuda:0'), tensor(0.0206, device='cuda:0'), tensor(0.0208, device='cuda:0'), tensor(0.0208, device='cuda:0'), tensor(0.0209, device='cuda:0'), tensor(0.0206, device='cuda:0'), tensor(0.0221, device='cuda:0'), tensor(0.0210, device='cuda:0'), tensor(0.0214, device='cuda:0'), tensor(0.0204, device='cuda:0'), tensor(0.0207, device='cuda:0'), tensor(0.0208, device='cuda:0'), tensor(0.0208, device='cuda:0'), tensor(0.0222, device='cuda:0'), tensor(0.0206, device='cuda:0'), tensor(0.0217, device='cuda:0'), tensor(0.0210, device='cuda:0'), tensor(0.0213, device='cuda:0'), tensor(0.0209, device='cuda:0'), tensor(0.0217, device='cuda:0'), tensor(0.0212, device='cuda:0'), tensor(0.0214, device='cuda:0'), tensor(0.0208, device='cuda:0'), tensor(0.0210, device='cuda:0'), tensor(0.0206, device='cuda:0'), tensor(0.0209, device='cuda:0')]"
55,"[tensor(0.0206, device='cuda:0'), tensor(0.0208, device='cuda:0'), tensor(0.0215, device='cuda:0'), tensor(0.0208, device='cuda:0'), tensor(0.0207, device='cuda:0'), tensor(0.0215, device='cuda:0'), tensor(0.0206, device='cuda:0'), tensor(0.0207, device='cuda:0'), tensor(0.0207, device='cuda:0'), tensor(0.0215, device='cuda:0'), tensor(0.0209, device='cuda:0'), tensor(0.0208, device='cuda:0'), tensor(0.0206, device='cuda:0'), tensor(0.0214, device='cuda:0'), tensor(0.0215, device='cuda:0'), tensor(0.0220, device='cuda:0'), tensor(0.0210, device='cuda:0'), tensor(0.0218, device='cuda:0'), tensor(0.0212, device='cuda:0'), tensor(0.0208, device='cuda:0'), tensor(0.0215, device='cuda:0'), tensor(0.0209, device='cuda:0'), tensor(0.0216, device='cuda:0'), tensor(0.0215, device='cuda:0'), tensor(0.0214, device='cuda:0'), tensor(0.0216, device='cuda:0'), tensor(0.0216, device='cuda:0'), tensor(0.0208, device='cuda:0'), tensor(0.0208, device='cuda:0'), tensor(0.0214, device='cuda:0'), tensor(0.0218, device='cuda:0'), tensor(0.0223, device='cuda:0'), tensor(0.0215, device='cuda:0'), tensor(0.0211, device='cuda:0'), tensor(0.0208, device='cuda:0'), tensor(0.0208, device='cuda:0'), tensor(0.0217, device='cuda:0'), tensor(0.0207, device='cuda:0'), tensor(0.0214, device='cuda:0'), tensor(0.0206, device='cuda:0'), tensor(0.0206, device='cuda:0'), tensor(0.0206, device='cuda:0'), tensor(0.0215, device='cuda:0'), tensor(0.0215, device='cuda:0'), tensor(0.0219, device='cuda:0'), tensor(0.0217, device='cuda:0'), tensor(0.0216, device='cuda:0'), tensor(0.0206, device='cuda:0'), tensor(0.0207, device='cuda:0'), tensor(0.0209, device='cuda:0'), tensor(0.0208, device='cuda:0'), tensor(0.0207, device='cuda:0'), tensor(0.0215, device='cuda:0'), tensor(0.0213, device='cuda:0'), tensor(0.0216, device='cuda:0'), tensor(0.0218, device='cuda:0'), tensor(0.0215, device='cuda:0'), tensor(0.0208, device='cuda:0'), tensor(0.0215, device='cuda:0'), tensor(0.0217, device='cuda:0'), tensor(0.0215, device='cuda:0'), tensor(0.0213, device='cuda:0'), tensor(0.0211, device='cuda:0'), tensor(0.0207, device='cuda:0'), tensor(0.0224, device='cuda:0'), tensor(0.0216, device='cuda:0'), tensor(0.0209, device='cuda:0'), tensor(0.0210, device='cuda:0'), tensor(0.0208, device='cuda:0'), tensor(0.0206, device='cuda:0'), tensor(0.0213, device='cuda:0'), tensor(0.0212, device='cuda:0'), tensor(0.0208, device='cuda:0'), tensor(0.0215, device='cuda:0'), tensor(0.0211, device='cuda:0'), tensor(0.0212, device='cuda:0'), tensor(0.0215, device='cuda:0'), tensor(0.0217, device='cuda:0'), tensor(0.0207, device='cuda:0'), tensor(0.0214, device='cuda:0'), tensor(0.0219, device='cuda:0'), tensor(0.0214, device='cuda:0'), tensor(0.0210, device='cuda:0'), tensor(0.0211, device='cuda:0'), tensor(0.0212, device='cuda:0'), tensor(0.0212, device='cuda:0'), tensor(0.0217, device='cuda:0'), tensor(0.0219, device='cuda:0'), tensor(0.0209, device='cuda:0'), tensor(0.0220, device='cuda:0'), tensor(0.0207, device='cuda:0'), tensor(0.0208, device='cuda:0'), tensor(0.0205, device='cuda:0'), tensor(0.0214, device='cuda:0'), tensor(0.0206, device='cuda:0'), tensor(0.0206, device='cuda:0'), tensor(0.0216, device='cuda:0'), tensor(0.0207, device='cuda:0'), tensor(0.0213, device='cuda:0'), tensor(0.0216, device='cuda:0')]"
56,"[tensor(0.0213, device='cuda:0'), tensor(0.0208, device='cuda:0'), tensor(0.0218, device='cuda:0'), tensor(0.0211, device='cuda:0'), tensor(0.0217, device='cuda:0'), tensor(0.0212, device='cuda:0'), tensor(0.0213, device='cuda:0'), tensor(0.0214, device='cuda:0'), tensor(0.0216, device='cuda:0'), tensor(0.0208, device='cuda:0'), tensor(0.0215, device='cuda:0'), tensor(0.0214, device='cuda:0'), tensor(0.0211, device='cuda:0'), tensor(0.0207, device='cuda:0'), tensor(0.0206, device='cuda:0'), tensor(0.0217, device='cuda:0'), tensor(0.0216, device='cuda:0'), tensor(0.0211, device='cuda:0'), tensor(0.0208, device='cuda:0'), tensor(0.0207, device='cuda:0'), tensor(0.0206, device='cuda:0'), tensor(0.0216, device='cuda:0'), tensor(0.0208, device='cuda:0'), tensor(0.0207, device='cuda:0'), tensor(0.0206, device='cuda:0'), tensor(0.0209, device='cuda:0'), tensor(0.0219, device='cuda:0'), tensor(0.0215, device='cuda:0'), tensor(0.0210, device='cuda:0'), tensor(0.0204, device='cuda:0'), tensor(0.0222, device='cuda:0'), tensor(0.0221, device='cuda:0'), tensor(0.0209, device='cuda:0'), tensor(0.0214, device='cuda:0'), tensor(0.0219, device='cuda:0'), tensor(0.0218, device='cuda:0'), tensor(0.0213, device='cuda:0'), tensor(0.0214, device='cuda:0'), tensor(0.0211, device='cuda:0'), tensor(0.0208, device='cuda:0'), tensor(0.0213, device='cuda:0'), tensor(0.0214, device='cuda:0'), tensor(0.0218, device='cuda:0'), tensor(0.0207, device='cuda:0'), tensor(0.0216, device='cuda:0'), tensor(0.0219, device='cuda:0'), tensor(0.0207, device='cuda:0'), tensor(0.0213, device='cuda:0'), tensor(0.0209, device='cuda:0'), tensor(0.0214, device='cuda:0'), tensor(0.0213, device='cuda:0'), tensor(0.0207, device='cuda:0'), tensor(0.0206, device='cuda:0'), tensor(0.0207, device='cuda:0'), tensor(0.0214, device='cuda:0'), tensor(0.0221, device='cuda:0'), tensor(0.0209, device='cuda:0'), tensor(0.0213, device='cuda:0'), tensor(0.0218, device='cuda:0'), tensor(0.0219, device='cuda:0'), tensor(0.0209, device='cuda:0'), tensor(0.0208, device='cuda:0'), tensor(0.0206, device='cuda:0'), tensor(0.0212, device='cuda:0'), tensor(0.0221, device='cuda:0'), tensor(0.0219, device='cuda:0'), tensor(0.0215, device='cuda:0'), tensor(0.0206, device='cuda:0'), tensor(0.0213, device='cuda:0'), tensor(0.0211, device='cuda:0'), tensor(0.0208, device='cuda:0'), tensor(0.0206, device='cuda:0'), tensor(0.0214, device='cuda:0'), tensor(0.0218, device='cuda:0'), tensor(0.0212, device='cuda:0'), tensor(0.0206, device='cuda:0'), tensor(0.0208, device='cuda:0'), tensor(0.0209, device='cuda:0'), tensor(0.0210, device='cuda:0'), tensor(0.0206, device='cuda:0'), tensor(0.0222, device='cuda:0'), tensor(0.0210, device='cuda:0'), tensor(0.0214, device='cuda:0'), tensor(0.0205, device='cuda:0'), tensor(0.0207, device='cuda:0'), tensor(0.0208, device='cuda:0'), tensor(0.0208, device='cuda:0'), tensor(0.0222, device='cuda:0'), tensor(0.0206, device='cuda:0'), tensor(0.0217, device='cuda:0'), tensor(0.0211, device='cuda:0'), tensor(0.0213, device='cuda:0'), tensor(0.0210, device='cuda:0'), tensor(0.0218, device='cuda:0'), tensor(0.0212, device='cuda:0'), tensor(0.0214, device='cuda:0'), tensor(0.0208, device='cuda:0'), tensor(0.0210, device='cuda:0'), tensor(0.0207, device='cuda:0'), tensor(0.0209, device='cuda:0')]"
57,"[tensor(0.0206, device='cuda:0'), tensor(0.0207, device='cuda:0'), tensor(0.0216, device='cuda:0'), tensor(0.0208, device='cuda:0'), tensor(0.0207, device='cuda:0'), tensor(0.0215, device='cuda:0'), tensor(0.0206, device='cuda:0'), tensor(0.0207, device='cuda:0'), tensor(0.0208, device='cuda:0'), tensor(0.0215, device='cuda:0'), tensor(0.0209, device='cuda:0'), tensor(0.0209, device='cuda:0'), tensor(0.0209, device='cuda:0'), tensor(0.0215, device='cuda:0'), tensor(0.0216, device='cuda:0'), tensor(0.0220, device='cuda:0'), tensor(0.0211, device='cuda:0'), tensor(0.0218, device='cuda:0'), tensor(0.0213, device='cuda:0'), tensor(0.0208, device='cuda:0'), tensor(0.0215, device='cuda:0'), tensor(0.0209, device='cuda:0'), tensor(0.0216, device='cuda:0'), tensor(0.0215, device='cuda:0'), tensor(0.0215, device='cuda:0'), tensor(0.0216, device='cuda:0'), tensor(0.0216, device='cuda:0'), tensor(0.0208, device='cuda:0'), tensor(0.0208, device='cuda:0'), tensor(0.0215, device='cuda:0'), tensor(0.0219, device='cuda:0'), tensor(0.0223, device='cuda:0'), tensor(0.0216, device='cuda:0'), tensor(0.0211, device='cuda:0'), tensor(0.0209, device='cuda:0'), tensor(0.0208, device='cuda:0'), tensor(0.0217, device='cuda:0'), tensor(0.0207, device='cuda:0'), tensor(0.0215, device='cuda:0'), tensor(0.0206, device='cuda:0'), tensor(0.0206, device='cuda:0'), tensor(0.0206, device='cuda:0'), tensor(0.0215, device='cuda:0'), tensor(0.0215, device='cuda:0'), tensor(0.0219, device='cuda:0'), tensor(0.0218, device='cuda:0'), tensor(0.0216, device='cuda:0'), tensor(0.0207, device='cuda:0'), tensor(0.0208, device='cuda:0'), tensor(0.0210, device='cuda:0'), tensor(0.0209, device='cuda:0'), tensor(0.0208, device='cuda:0'), tensor(0.0216, device='cuda:0'), tensor(0.0214, device='cuda:0'), tensor(0.0217, device='cuda:0'), tensor(0.0218, device='cuda:0'), tensor(0.0215, device='cuda:0'), tensor(0.0208, device='cuda:0'), tensor(0.0216, device='cuda:0'), tensor(0.0217, device='cuda:0'), tensor(0.0216, device='cuda:0'), tensor(0.0213, device='cuda:0'), tensor(0.0212, device='cuda:0'), tensor(0.0207, device='cuda:0'), tensor(0.0224, device='cuda:0'), tensor(0.0216, device='cuda:0'), tensor(0.0209, device='cuda:0'), tensor(0.0214, device='cuda:0'), tensor(0.0208, device='cuda:0'), tensor(0.0207, device='cuda:0'), tensor(0.0214, device='cuda:0'), tensor(0.0211, device='cuda:0'), tensor(0.0208, device='cuda:0'), tensor(0.0215, device='cuda:0'), tensor(0.0211, device='cuda:0'), tensor(0.0213, device='cuda:0'), tensor(0.0215, device='cuda:0'), tensor(0.0217, device='cuda:0'), tensor(0.0207, device='cuda:0'), tensor(0.0215, device='cuda:0'), tensor(0.0219, device='cuda:0'), tensor(0.0214, device='cuda:0'), tensor(0.0210, device='cuda:0'), tensor(0.0212, device='cuda:0'), tensor(0.0212, device='cuda:0'), tensor(0.0213, device='cuda:0'), tensor(0.0217, device='cuda:0'), tensor(0.0219, device='cuda:0'), tensor(0.0209, device='cuda:0'), tensor(0.0220, device='cuda:0'), tensor(0.0208, device='cuda:0'), tensor(0.0209, device='cuda:0'), tensor(0.0205, device='cuda:0'), tensor(0.0214, device='cuda:0'), tensor(0.0207, device='cuda:0'), tensor(0.0207, device='cuda:0'), tensor(0.0216, device='cuda:0'), tensor(0.0208, device='cuda:0'), tensor(0.0213, device='cuda:0'), tensor(0.0216, device='cuda:0')]"
58,"[tensor(0.0213, device='cuda:0'), tensor(0.0208, device='cuda:0'), tensor(0.0218, device='cuda:0'), tensor(0.0211, device='cuda:0'), tensor(0.0218, device='cuda:0'), tensor(0.0212, device='cuda:0'), tensor(0.0213, device='cuda:0'), tensor(0.0214, device='cuda:0'), tensor(0.0217, device='cuda:0'), tensor(0.0209, device='cuda:0'), tensor(0.0215, device='cuda:0'), tensor(0.0215, device='cuda:0'), tensor(0.0215, device='cuda:0'), tensor(0.0208, device='cuda:0'), tensor(0.0206, device='cuda:0'), tensor(0.0217, device='cuda:0'), tensor(0.0216, device='cuda:0'), tensor(0.0211, device='cuda:0'), tensor(0.0208, device='cuda:0'), tensor(0.0208, device='cuda:0'), tensor(0.0207, device='cuda:0'), tensor(0.0217, device='cuda:0'), tensor(0.0208, device='cuda:0'), tensor(0.0207, device='cuda:0'), tensor(0.0207, device='cuda:0'), tensor(0.0209, device='cuda:0'), tensor(0.0219, device='cuda:0'), tensor(0.0216, device='cuda:0'), tensor(0.0211, device='cuda:0'), tensor(0.0204, device='cuda:0'), tensor(0.0222, device='cuda:0'), tensor(0.0221, device='cuda:0'), tensor(0.0209, device='cuda:0'), tensor(0.0215, device='cuda:0'), tensor(0.0219, device='cuda:0'), tensor(0.0219, device='cuda:0'), tensor(0.0214, device='cuda:0'), tensor(0.0214, device='cuda:0'), tensor(0.0211, device='cuda:0'), tensor(0.0208, device='cuda:0'), tensor(0.0213, device='cuda:0'), tensor(0.0215, device='cuda:0'), tensor(0.0218, device='cuda:0'), tensor(0.0207, device='cuda:0'), tensor(0.0217, device='cuda:0'), tensor(0.0220, device='cuda:0'), tensor(0.0207, device='cuda:0'), tensor(0.0214, device='cuda:0'), tensor(0.0210, device='cuda:0'), tensor(0.0214, device='cuda:0'), tensor(0.0213, device='cuda:0'), tensor(0.0206, device='cuda:0'), tensor(0.0207, device='cuda:0'), tensor(0.0208, device='cuda:0'), tensor(0.0214, device='cuda:0'), tensor(0.0221, device='cuda:0'), tensor(0.0209, device='cuda:0'), tensor(0.0213, device='cuda:0'), tensor(0.0219, device='cuda:0'), tensor(0.0220, device='cuda:0'), tensor(0.0210, device='cuda:0'), tensor(0.0208, device='cuda:0'), tensor(0.0206, device='cuda:0'), tensor(0.0212, device='cuda:0'), tensor(0.0221, device='cuda:0'), tensor(0.0219, device='cuda:0'), tensor(0.0215, device='cuda:0'), tensor(0.0207, device='cuda:0'), tensor(0.0213, device='cuda:0'), tensor(0.0212, device='cuda:0'), tensor(0.0209, device='cuda:0'), tensor(0.0206, device='cuda:0'), tensor(0.0214, device='cuda:0'), tensor(0.0218, device='cuda:0'), tensor(0.0213, device='cuda:0'), tensor(0.0207, device='cuda:0'), tensor(0.0209, device='cuda:0'), tensor(0.0209, device='cuda:0'), tensor(0.0211, device='cuda:0'), tensor(0.0207, device='cuda:0'), tensor(0.0222, device='cuda:0'), tensor(0.0211, device='cuda:0'), tensor(0.0215, device='cuda:0'), tensor(0.0205, device='cuda:0'), tensor(0.0207, device='cuda:0'), tensor(0.0208, device='cuda:0'), tensor(0.0208, device='cuda:0'), tensor(0.0222, device='cuda:0'), tensor(0.0206, device='cuda:0'), tensor(0.0218, device='cuda:0'), tensor(0.0211, device='cuda:0'), tensor(0.0213, device='cuda:0'), tensor(0.0210, device='cuda:0'), tensor(0.0218, device='cuda:0'), tensor(0.0213, device='cuda:0'), tensor(0.0215, device='cuda:0'), tensor(0.0209, device='cuda:0'), tensor(0.0211, device='cuda:0'), tensor(0.0207, device='cuda:0'), tensor(0.0209, device='cuda:0')]"
59,"[tensor(0.0206, device='cuda:0'), tensor(0.0207, device='cuda:0'), tensor(0.0216, device='cuda:0'), tensor(0.0208, device='cuda:0'), tensor(0.0207, device='cuda:0'), tensor(0.0215, device='cuda:0'), tensor(0.0207, device='cuda:0'), tensor(0.0208, device='cuda:0'), tensor(0.0208, device='cuda:0'), tensor(0.0216, device='cuda:0'), tensor(0.0209, device='cuda:0'), tensor(0.0209, device='cuda:0'), tensor(0.0210, device='cuda:0'), tensor(0.0215, device='cuda:0'), tensor(0.0216, device='cuda:0'), tensor(0.0220, device='cuda:0'), tensor(0.0211, device='cuda:0'), tensor(0.0219, device='cuda:0'), tensor(0.0213, device='cuda:0'), tensor(0.0208, device='cuda:0'), tensor(0.0216, device='cuda:0'), tensor(0.0210, device='cuda:0'), tensor(0.0216, device='cuda:0'), tensor(0.0215, device='cuda:0'), tensor(0.0215, device='cuda:0'), tensor(0.0217, device='cuda:0'), tensor(0.0217, device='cuda:0'), tensor(0.0208, device='cuda:0'), tensor(0.0209, device='cuda:0'), tensor(0.0215, device='cuda:0'), tensor(0.0219, device='cuda:0'), tensor(0.0224, device='cuda:0'), tensor(0.0216, device='cuda:0'), tensor(0.0211, device='cuda:0'), tensor(0.0209, device='cuda:0'), tensor(0.0208, device='cuda:0'), tensor(0.0218, device='cuda:0'), tensor(0.0207, device='cuda:0'), tensor(0.0215, device='cuda:0'), tensor(0.0206, device='cuda:0'), tensor(0.0207, device='cuda:0'), tensor(0.0207, device='cuda:0'), tensor(0.0216, device='cuda:0'), tensor(0.0215, device='cuda:0'), tensor(0.0219, device='cuda:0'), tensor(0.0218, device='cuda:0'), tensor(0.0216, device='cuda:0'), tensor(0.0207, device='cuda:0'), tensor(0.0208, device='cuda:0'), tensor(0.0210, device='cuda:0'), tensor(0.0209, device='cuda:0'), tensor(0.0208, device='cuda:0'), tensor(0.0216, device='cuda:0'), tensor(0.0214, device='cuda:0'), tensor(0.0217, device='cuda:0'), tensor(0.0219, device='cuda:0'), tensor(0.0215, device='cuda:0'), tensor(0.0208, device='cuda:0'), tensor(0.0216, device='cuda:0'), tensor(0.0217, device='cuda:0'), tensor(0.0216, device='cuda:0'), tensor(0.0214, device='cuda:0'), tensor(0.0213, device='cuda:0'), tensor(0.0207, device='cuda:0'), tensor(0.0224, device='cuda:0'), tensor(0.0217, device='cuda:0'), tensor(0.0210, device='cuda:0'), tensor(0.0215, device='cuda:0'), tensor(0.0208, device='cuda:0'), tensor(0.0207, device='cuda:0'), tensor(0.0215, device='cuda:0'), tensor(0.0212, device='cuda:0'), tensor(0.0208, device='cuda:0'), tensor(0.0215, device='cuda:0'), tensor(0.0211, device='cuda:0'), tensor(0.0214, device='cuda:0'), tensor(0.0215, device='cuda:0'), tensor(0.0217, device='cuda:0'), tensor(0.0208, device='cuda:0'), tensor(0.0216, device='cuda:0'), tensor(0.0219, device='cuda:0'), tensor(0.0214, device='cuda:0'), tensor(0.0210, device='cuda:0'), tensor(0.0212, device='cuda:0'), tensor(0.0213, device='cuda:0'), tensor(0.0212, device='cuda:0'), tensor(0.0217, device='cuda:0'), tensor(0.0219, device='cuda:0'), tensor(0.0209, device='cuda:0'), tensor(0.0220, device='cuda:0'), tensor(0.0208, device='cuda:0'), tensor(0.0209, device='cuda:0'), tensor(0.0206, device='cuda:0'), tensor(0.0215, device='cuda:0'), tensor(0.0207, device='cuda:0'), tensor(0.0207, device='cuda:0'), tensor(0.0216, device='cuda:0'), tensor(0.0208, device='cuda:0'), tensor(0.0214, device='cuda:0'), tensor(0.0217, device='cuda:0')]"
60,"[tensor(0.0214, device='cuda:0'), tensor(0.0209, device='cuda:0'), tensor(0.0219, device='cuda:0'), tensor(0.0212, device='cuda:0'), tensor(0.0218, device='cuda:0'), tensor(0.0212, device='cuda:0'), tensor(0.0214, device='cuda:0'), tensor(0.0214, device='cuda:0'), tensor(0.0217, device='cuda:0'), tensor(0.0209, device='cuda:0'), tensor(0.0215, device='cuda:0'), tensor(0.0216, device='cuda:0'), tensor(0.0215, device='cuda:0'), tensor(0.0208, device='cuda:0'), tensor(0.0207, device='cuda:0'), tensor(0.0218, device='cuda:0'), tensor(0.0216, device='cuda:0'), tensor(0.0211, device='cuda:0'), tensor(0.0208, device='cuda:0'), tensor(0.0209, device='cuda:0'), tensor(0.0207, device='cuda:0'), tensor(0.0217, device='cuda:0'), tensor(0.0208, device='cuda:0'), tensor(0.0208, device='cuda:0'), tensor(0.0207, device='cuda:0'), tensor(0.0210, device='cuda:0'), tensor(0.0219, device='cuda:0'), tensor(0.0216, device='cuda:0'), tensor(0.0211, device='cuda:0'), tensor(0.0205, device='cuda:0'), tensor(0.0222, device='cuda:0'), tensor(0.0221, device='cuda:0'), tensor(0.0210, device='cuda:0'), tensor(0.0215, device='cuda:0'), tensor(0.0219, device='cuda:0'), tensor(0.0219, device='cuda:0'), tensor(0.0214, device='cuda:0'), tensor(0.0215, device='cuda:0'), tensor(0.0211, device='cuda:0'), tensor(0.0207, device='cuda:0'), tensor(0.0213, device='cuda:0'), tensor(0.0215, device='cuda:0'), tensor(0.0219, device='cuda:0'), tensor(0.0208, device='cuda:0'), tensor(0.0217, device='cuda:0'), tensor(0.0220, device='cuda:0'), tensor(0.0207, device='cuda:0'), tensor(0.0214, device='cuda:0'), tensor(0.0210, device='cuda:0'), tensor(0.0214, device='cuda:0'), tensor(0.0214, device='cuda:0'), tensor(0.0207, device='cuda:0'), tensor(0.0207, device='cuda:0'), tensor(0.0208, device='cuda:0'), tensor(0.0215, device='cuda:0'), tensor(0.0221, device='cuda:0'), tensor(0.0210, device='cuda:0'), tensor(0.0214, device='cuda:0'), tensor(0.0219, device='cuda:0'), tensor(0.0220, device='cuda:0'), tensor(0.0210, device='cuda:0'), tensor(0.0209, device='cuda:0'), tensor(0.0207, device='cuda:0'), tensor(0.0213, device='cuda:0'), tensor(0.0221, device='cuda:0'), tensor(0.0219, device='cuda:0'), tensor(0.0216, device='cuda:0'), tensor(0.0207, device='cuda:0'), tensor(0.0214, device='cuda:0'), tensor(0.0212, device='cuda:0'), tensor(0.0209, device='cuda:0'), tensor(0.0207, device='cuda:0'), tensor(0.0215, device='cuda:0'), tensor(0.0218, device='cuda:0'), tensor(0.0213, device='cuda:0'), tensor(0.0207, device='cuda:0'), tensor(0.0209, device='cuda:0'), tensor(0.0209, device='cuda:0'), tensor(0.0211, device='cuda:0'), tensor(0.0207, device='cuda:0'), tensor(0.0222, device='cuda:0'), tensor(0.0211, device='cuda:0'), tensor(0.0215, device='cuda:0'), tensor(0.0206, device='cuda:0'), tensor(0.0207, device='cuda:0'), tensor(0.0209, device='cuda:0'), tensor(0.0209, device='cuda:0'), tensor(0.0222, device='cuda:0'), tensor(0.0206, device='cuda:0'), tensor(0.0218, device='cuda:0'), tensor(0.0211, device='cuda:0'), tensor(0.0214, device='cuda:0'), tensor(0.0211, device='cuda:0'), tensor(0.0218, device='cuda:0'), tensor(0.0213, device='cuda:0'), tensor(0.0215, device='cuda:0'), tensor(0.0209, device='cuda:0'), tensor(0.0211, device='cuda:0'), tensor(0.0207, device='cuda:0'), tensor(0.0209, device='cuda:0')]"
61,"[tensor(0.0206, device='cuda:0'), tensor(0.0208, device='cuda:0'), tensor(0.0216, device='cuda:0'), tensor(0.0209, device='cuda:0'), tensor(0.0208, device='cuda:0'), tensor(0.0215, device='cuda:0'), tensor(0.0207, device='cuda:0'), tensor(0.0208, device='cuda:0'), tensor(0.0208, device='cuda:0'), tensor(0.0216, device='cuda:0'), tensor(0.0209, device='cuda:0'), tensor(0.0209, device='cuda:0'), tensor(0.0210, device='cuda:0'), tensor(0.0216, device='cuda:0'), tensor(0.0217, device='cuda:0'), tensor(0.0220, device='cuda:0'), tensor(0.0211, device='cuda:0'), tensor(0.0219, device='cuda:0'), tensor(0.0214, device='cuda:0'), tensor(0.0209, device='cuda:0'), tensor(0.0216, device='cuda:0'), tensor(0.0210, device='cuda:0'), tensor(0.0216, device='cuda:0'), tensor(0.0216, device='cuda:0'), tensor(0.0215, device='cuda:0'), tensor(0.0217, device='cuda:0'), tensor(0.0217, device='cuda:0'), tensor(0.0209, device='cuda:0'), tensor(0.0209, device='cuda:0'), tensor(0.0216, device='cuda:0'), tensor(0.0219, device='cuda:0'), tensor(0.0224, device='cuda:0'), tensor(0.0217, device='cuda:0'), tensor(0.0212, device='cuda:0'), tensor(0.0209, device='cuda:0'), tensor(0.0208, device='cuda:0'), tensor(0.0218, device='cuda:0'), tensor(0.0207, device='cuda:0'), tensor(0.0215, device='cuda:0'), tensor(0.0207, device='cuda:0'), tensor(0.0207, device='cuda:0'), tensor(0.0207, device='cuda:0'), tensor(0.0216, device='cuda:0'), tensor(0.0216, device='cuda:0'), tensor(0.0220, device='cuda:0'), tensor(0.0218, device='cuda:0'), tensor(0.0216, device='cuda:0'), tensor(0.0207, device='cuda:0'), tensor(0.0208, device='cuda:0'), tensor(0.0210, device='cuda:0'), tensor(0.0209, device='cuda:0'), tensor(0.0209, device='cuda:0'), tensor(0.0216, device='cuda:0'), tensor(0.0215, device='cuda:0'), tensor(0.0217, device='cuda:0'), tensor(0.0219, device='cuda:0'), tensor(0.0216, device='cuda:0'), tensor(0.0208, device='cuda:0'), tensor(0.0216, device='cuda:0'), tensor(0.0217, device='cuda:0'), tensor(0.0216, device='cuda:0'), tensor(0.0214, device='cuda:0'), tensor(0.0214, device='cuda:0'), tensor(0.0207, device='cuda:0'), tensor(0.0224, device='cuda:0'), tensor(0.0217, device='cuda:0'), tensor(0.0210, device='cuda:0'), tensor(0.0215, device='cuda:0'), tensor(0.0209, device='cuda:0'), tensor(0.0207, device='cuda:0'), tensor(0.0215, device='cuda:0'), tensor(0.0212, device='cuda:0'), tensor(0.0209, device='cuda:0'), tensor(0.0215, device='cuda:0'), tensor(0.0211, device='cuda:0'), tensor(0.0214, device='cuda:0'), tensor(0.0216, device='cuda:0'), tensor(0.0218, device='cuda:0'), tensor(0.0208, device='cuda:0'), tensor(0.0216, device='cuda:0'), tensor(0.0219, device='cuda:0'), tensor(0.0214, device='cuda:0'), tensor(0.0210, device='cuda:0'), tensor(0.0212, device='cuda:0'), tensor(0.0214, device='cuda:0'), tensor(0.0214, device='cuda:0'), tensor(0.0218, device='cuda:0'), tensor(0.0219, device='cuda:0'), tensor(0.0209, device='cuda:0'), tensor(0.0220, device='cuda:0'), tensor(0.0208, device='cuda:0'), tensor(0.0209, device='cuda:0'), tensor(0.0206, device='cuda:0'), tensor(0.0219, device='cuda:0'), tensor(0.0207, device='cuda:0'), tensor(0.0207, device='cuda:0'), tensor(0.0217, device='cuda:0'), tensor(0.0208, device='cuda:0'), tensor(0.0214, device='cuda:0'), tensor(0.0217, device='cuda:0')]"
62,"[tensor(0.0214, device='cuda:0'), tensor(0.0212, device='cuda:0'), tensor(0.0219, device='cuda:0'), tensor(0.0213, device='cuda:0'), tensor(0.0218, device='cuda:0'), tensor(0.0213, device='cuda:0'), tensor(0.0214, device='cuda:0'), tensor(0.0215, device='cuda:0'), tensor(0.0218, device='cuda:0'), tensor(0.0210, device='cuda:0'), tensor(0.0216, device='cuda:0'), tensor(0.0216, device='cuda:0'), tensor(0.0215, device='cuda:0'), tensor(0.0208, device='cuda:0'), tensor(0.0207, device='cuda:0'), tensor(0.0218, device='cuda:0'), tensor(0.0216, device='cuda:0'), tensor(0.0211, device='cuda:0'), tensor(0.0209, device='cuda:0'), tensor(0.0209, device='cuda:0'), tensor(0.0207, device='cuda:0'), tensor(0.0217, device='cuda:0'), tensor(0.0209, device='cuda:0'), tensor(0.0208, device='cuda:0'), tensor(0.0207, device='cuda:0'), tensor(0.0210, device='cuda:0'), tensor(0.0220, device='cuda:0'), tensor(0.0217, device='cuda:0'), tensor(0.0211, device='cuda:0'), tensor(0.0205, device='cuda:0'), tensor(0.0222, device='cuda:0'), tensor(0.0221, device='cuda:0'), tensor(0.0210, device='cuda:0'), tensor(0.0215, device='cuda:0'), tensor(0.0220, device='cuda:0'), tensor(0.0219, device='cuda:0'), tensor(0.0214, device='cuda:0'), tensor(0.0215, device='cuda:0'), tensor(0.0212, device='cuda:0'), tensor(0.0207, device='cuda:0'), tensor(0.0214, device='cuda:0'), tensor(0.0216, device='cuda:0'), tensor(0.0219, device='cuda:0'), tensor(0.0208, device='cuda:0'), tensor(0.0217, device='cuda:0'), tensor(0.0220, device='cuda:0'), tensor(0.0208, device='cuda:0'), tensor(0.0215, device='cuda:0'), tensor(0.0210, device='cuda:0'), tensor(0.0214, device='cuda:0'), tensor(0.0214, device='cuda:0'), tensor(0.0207, device='cuda:0'), tensor(0.0207, device='cuda:0'), tensor(0.0209, device='cuda:0'), tensor(0.0215, device='cuda:0'), tensor(0.0221, device='cuda:0'), tensor(0.0210, device='cuda:0'), tensor(0.0214, device='cuda:0'), tensor(0.0220, device='cuda:0'), tensor(0.0220, device='cuda:0'), tensor(0.0210, device='cuda:0'), tensor(0.0209, device='cuda:0'), tensor(0.0207, device='cuda:0'), tensor(0.0213, device='cuda:0'), tensor(0.0222, device='cuda:0'), tensor(0.0220, device='cuda:0'), tensor(0.0216, device='cuda:0'), tensor(0.0208, device='cuda:0'), tensor(0.0213, device='cuda:0'), tensor(0.0213, device='cuda:0'), tensor(0.0209, device='cuda:0'), tensor(0.0207, device='cuda:0'), tensor(0.0215, device='cuda:0'), tensor(0.0219, device='cuda:0'), tensor(0.0213, device='cuda:0'), tensor(0.0207, device='cuda:0'), tensor(0.0209, device='cuda:0'), tensor(0.0210, device='cuda:0'), tensor(0.0212, device='cuda:0'), tensor(0.0207, device='cuda:0'), tensor(0.0222, device='cuda:0'), tensor(0.0211, device='cuda:0'), tensor(0.0215, device='cuda:0'), tensor(0.0206, device='cuda:0'), tensor(0.0208, device='cuda:0'), tensor(0.0209, device='cuda:0'), tensor(0.0209, device='cuda:0'), tensor(0.0222, device='cuda:0'), tensor(0.0207, device='cuda:0'), tensor(0.0218, device='cuda:0'), tensor(0.0212, device='cuda:0'), tensor(0.0214, device='cuda:0'), tensor(0.0211, device='cuda:0'), tensor(0.0218, device='cuda:0'), tensor(0.0214, device='cuda:0'), tensor(0.0215, device='cuda:0'), tensor(0.0209, device='cuda:0'), tensor(0.0212, device='cuda:0'), tensor(0.0208, device='cuda:0'), tensor(0.0210, device='cuda:0')]"
63,"[tensor(0.0207, device='cuda:0'), tensor(0.0208, device='cuda:0'), tensor(0.0216, device='cuda:0'), tensor(0.0209, device='cuda:0'), tensor(0.0208, device='cuda:0'), tensor(0.0216, device='cuda:0'), tensor(0.0207, device='cuda:0'), tensor(0.0209, device='cuda:0'), tensor(0.0209, device='cuda:0'), tensor(0.0216, device='cuda:0'), tensor(0.0210, device='cuda:0'), tensor(0.0209, device='cuda:0'), tensor(0.0210, device='cuda:0'), tensor(0.0216, device='cuda:0'), tensor(0.0217, device='cuda:0'), tensor(0.0220, device='cuda:0'), tensor(0.0212, device='cuda:0'), tensor(0.0219, device='cuda:0'), tensor(0.0214, device='cuda:0'), tensor(0.0209, device='cuda:0'), tensor(0.0216, device='cuda:0'), tensor(0.0210, device='cuda:0'), tensor(0.0217, device='cuda:0'), tensor(0.0216, device='cuda:0'), tensor(0.0215, device='cuda:0'), tensor(0.0217, device='cuda:0'), tensor(0.0218, device='cuda:0'), tensor(0.0209, device='cuda:0'), tensor(0.0209, device='cuda:0'), tensor(0.0216, device='cuda:0'), tensor(0.0219, device='cuda:0'), tensor(0.0224, device='cuda:0'), tensor(0.0217, device='cuda:0'), tensor(0.0212, device='cuda:0'), tensor(0.0209, device='cuda:0'), tensor(0.0209, device='cuda:0'), tensor(0.0218, device='cuda:0'), tensor(0.0208, device='cuda:0'), tensor(0.0216, device='cuda:0'), tensor(0.0208, device='cuda:0'), tensor(0.0207, device='cuda:0'), tensor(0.0207, device='cuda:0'), tensor(0.0217, device='cuda:0'), tensor(0.0216, device='cuda:0'), tensor(0.0220, device='cuda:0'), tensor(0.0218, device='cuda:0'), tensor(0.0217, device='cuda:0'), tensor(0.0207, device='cuda:0'), tensor(0.0208, device='cuda:0'), tensor(0.0210, device='cuda:0'), tensor(0.0210, device='cuda:0'), tensor(0.0209, device='cuda:0'), tensor(0.0217, device='cuda:0'), tensor(0.0216, device='cuda:0'), tensor(0.0218, device='cuda:0'), tensor(0.0219, device='cuda:0'), tensor(0.0216, device='cuda:0'), tensor(0.0209, device='cuda:0'), tensor(0.0217, device='cuda:0'), tensor(0.0218, device='cuda:0'), tensor(0.0217, device='cuda:0'), tensor(0.0215, device='cuda:0'), tensor(0.0213, device='cuda:0'), tensor(0.0208, device='cuda:0'), tensor(0.0224, device='cuda:0'), tensor(0.0217, device='cuda:0'), tensor(0.0210, device='cuda:0'), tensor(0.0215, device='cuda:0'), tensor(0.0209, device='cuda:0'), tensor(0.0208, device='cuda:0'), tensor(0.0215, device='cuda:0'), tensor(0.0212, device='cuda:0'), tensor(0.0209, device='cuda:0'), tensor(0.0216, device='cuda:0'), tensor(0.0211, device='cuda:0'), tensor(0.0214, device='cuda:0'), tensor(0.0216, device='cuda:0'), tensor(0.0218, device='cuda:0'), tensor(0.0208, device='cuda:0'), tensor(0.0217, device='cuda:0'), tensor(0.0219, device='cuda:0'), tensor(0.0215, device='cuda:0'), tensor(0.0211, device='cuda:0'), tensor(0.0213, device='cuda:0'), tensor(0.0214, device='cuda:0'), tensor(0.0214, device='cuda:0'), tensor(0.0218, device='cuda:0'), tensor(0.0219, device='cuda:0'), tensor(0.0210, device='cuda:0'), tensor(0.0221, device='cuda:0'), tensor(0.0208, device='cuda:0'), tensor(0.0209, device='cuda:0'), tensor(0.0206, device='cuda:0'), tensor(0.0221, device='cuda:0'), tensor(0.0208, device='cuda:0'), tensor(0.0207, device='cuda:0'), tensor(0.0217, device='cuda:0'), tensor(0.0209, device='cuda:0'), tensor(0.0215, device='cuda:0'), tensor(0.0217, device='cuda:0')]"
64,"[tensor(0.0214, device='cuda:0'), tensor(0.0216, device='cuda:0'), tensor(0.0219, device='cuda:0'), tensor(0.0213, device='cuda:0'), tensor(0.0219, device='cuda:0'), tensor(0.0213, device='cuda:0'), tensor(0.0214, device='cuda:0'), tensor(0.0215, device='cuda:0'), tensor(0.0218, device='cuda:0'), tensor(0.0210, device='cuda:0'), tensor(0.0216, device='cuda:0'), tensor(0.0216, device='cuda:0'), tensor(0.0215, device='cuda:0'), tensor(0.0209, device='cuda:0'), tensor(0.0207, device='cuda:0'), tensor(0.0218, device='cuda:0'), tensor(0.0217, device='cuda:0'), tensor(0.0212, device='cuda:0'), tensor(0.0209, device='cuda:0'), tensor(0.0209, device='cuda:0'), tensor(0.0207, device='cuda:0'), tensor(0.0218, device='cuda:0'), tensor(0.0209, device='cuda:0'), tensor(0.0208, device='cuda:0'), tensor(0.0207, device='cuda:0'), tensor(0.0210, device='cuda:0'), tensor(0.0220, device='cuda:0'), tensor(0.0217, device='cuda:0'), tensor(0.0212, device='cuda:0'), tensor(0.0206, device='cuda:0'), tensor(0.0222, device='cuda:0'), tensor(0.0221, device='cuda:0'), tensor(0.0211, device='cuda:0'), tensor(0.0215, device='cuda:0'), tensor(0.0220, device='cuda:0'), tensor(0.0219, device='cuda:0'), tensor(0.0215, device='cuda:0'), tensor(0.0215, device='cuda:0'), tensor(0.0212, device='cuda:0'), tensor(0.0206, device='cuda:0'), tensor(0.0214, device='cuda:0'), tensor(0.0216, device='cuda:0'), tensor(0.0219, device='cuda:0'), tensor(0.0208, device='cuda:0'), tensor(0.0218, device='cuda:0'), tensor(0.0221, device='cuda:0'), tensor(0.0208, device='cuda:0'), tensor(0.0215, device='cuda:0'), tensor(0.0211, device='cuda:0'), tensor(0.0214, device='cuda:0'), tensor(0.0214, device='cuda:0'), tensor(0.0207, device='cuda:0'), tensor(0.0207, device='cuda:0'), tensor(0.0209, device='cuda:0'), tensor(0.0215, device='cuda:0'), tensor(0.0222, device='cuda:0'), tensor(0.0211, device='cuda:0'), tensor(0.0214, device='cuda:0'), tensor(0.0220, device='cuda:0'), tensor(0.0220, device='cuda:0'), tensor(0.0210, device='cuda:0'), tensor(0.0210, device='cuda:0'), tensor(0.0207, device='cuda:0'), tensor(0.0213, device='cuda:0'), tensor(0.0222, device='cuda:0'), tensor(0.0220, device='cuda:0'), tensor(0.0216, device='cuda:0'), tensor(0.0208, device='cuda:0'), tensor(0.0214, device='cuda:0'), tensor(0.0213, device='cuda:0'), tensor(0.0210, device='cuda:0'), tensor(0.0208, device='cuda:0'), tensor(0.0215, device='cuda:0'), tensor(0.0219, device='cuda:0'), tensor(0.0213, device='cuda:0'), tensor(0.0208, device='cuda:0'), tensor(0.0209, device='cuda:0'), tensor(0.0210, device='cuda:0'), tensor(0.0212, device='cuda:0'), tensor(0.0208, device='cuda:0'), tensor(0.0223, device='cuda:0'), tensor(0.0211, device='cuda:0'), tensor(0.0216, device='cuda:0'), tensor(0.0206, device='cuda:0'), tensor(0.0208, device='cuda:0'), tensor(0.0209, device='cuda:0'), tensor(0.0210, device='cuda:0'), tensor(0.0222, device='cuda:0'), tensor(0.0207, device='cuda:0'), tensor(0.0218, device='cuda:0'), tensor(0.0212, device='cuda:0'), tensor(0.0215, device='cuda:0'), tensor(0.0212, device='cuda:0'), tensor(0.0217, device='cuda:0'), tensor(0.0214, device='cuda:0'), tensor(0.0216, device='cuda:0'), tensor(0.0210, device='cuda:0'), tensor(0.0212, device='cuda:0'), tensor(0.0208, device='cuda:0'), tensor(0.0210, device='cuda:0')]"
65,"[tensor(0.0207, device='cuda:0'), tensor(0.0209, device='cuda:0'), tensor(0.0217, device='cuda:0'), tensor(0.0210, device='cuda:0'), tensor(0.0208, device='cuda:0'), tensor(0.0216, device='cuda:0'), tensor(0.0207, device='cuda:0'), tensor(0.0209, device='cuda:0'), tensor(0.0209, device='cuda:0'), tensor(0.0217, device='cuda:0'), tensor(0.0210, device='cuda:0'), tensor(0.0210, device='cuda:0'), tensor(0.0211, device='cuda:0'), tensor(0.0217, device='cuda:0'), tensor(0.0217, device='cuda:0'), tensor(0.0220, device='cuda:0'), tensor(0.0212, device='cuda:0'), tensor(0.0219, device='cuda:0'), tensor(0.0215, device='cuda:0'), tensor(0.0209, device='cuda:0'), tensor(0.0217, device='cuda:0'), tensor(0.0210, device='cuda:0'), tensor(0.0217, device='cuda:0'), tensor(0.0216, device='cuda:0'), tensor(0.0216, device='cuda:0'), tensor(0.0218, device='cuda:0'), tensor(0.0218, device='cuda:0'), tensor(0.0209, device='cuda:0'), tensor(0.0210, device='cuda:0'), tensor(0.0216, device='cuda:0'), tensor(0.0219, device='cuda:0'), tensor(0.0224, device='cuda:0'), tensor(0.0217, device='cuda:0'), tensor(0.0212, device='cuda:0'), tensor(0.0210, device='cuda:0'), tensor(0.0209, device='cuda:0'), tensor(0.0218, device='cuda:0'), tensor(0.0208, device='cuda:0'), tensor(0.0216, device='cuda:0'), tensor(0.0209, device='cuda:0'), tensor(0.0207, device='cuda:0'), tensor(0.0208, device='cuda:0'), tensor(0.0217, device='cuda:0'), tensor(0.0217, device='cuda:0'), tensor(0.0220, device='cuda:0'), tensor(0.0219, device='cuda:0'), tensor(0.0217, device='cuda:0'), tensor(0.0208, device='cuda:0'), tensor(0.0209, device='cuda:0'), tensor(0.0211, device='cuda:0'), tensor(0.0210, device='cuda:0'), tensor(0.0210, device='cuda:0'), tensor(0.0217, device='cuda:0'), tensor(0.0215, device='cuda:0'), tensor(0.0218, device='cuda:0'), tensor(0.0219, device='cuda:0'), tensor(0.0216, device='cuda:0'), tensor(0.0209, device='cuda:0'), tensor(0.0218, device='cuda:0'), tensor(0.0218, device='cuda:0'), tensor(0.0217, device='cuda:0'), tensor(0.0215, device='cuda:0'), tensor(0.0215, device='cuda:0'), tensor(0.0208, device='cuda:0'), tensor(0.0224, device='cuda:0'), tensor(0.0217, device='cuda:0'), tensor(0.0210, device='cuda:0'), tensor(0.0216, device='cuda:0'), tensor(0.0209, device='cuda:0'), tensor(0.0208, device='cuda:0'), tensor(0.0215, device='cuda:0'), tensor(0.0212, device='cuda:0'), tensor(0.0209, device='cuda:0'), tensor(0.0216, device='cuda:0'), tensor(0.0212, device='cuda:0'), tensor(0.0215, device='cuda:0'), tensor(0.0216, device='cuda:0'), tensor(0.0218, device='cuda:0'), tensor(0.0209, device='cuda:0'), tensor(0.0217, device='cuda:0'), tensor(0.0219, device='cuda:0'), tensor(0.0215, device='cuda:0'), tensor(0.0211, device='cuda:0'), tensor(0.0212, device='cuda:0'), tensor(0.0214, device='cuda:0'), tensor(0.0215, device='cuda:0'), tensor(0.0218, device='cuda:0'), tensor(0.0219, device='cuda:0'), tensor(0.0210, device='cuda:0'), tensor(0.0221, device='cuda:0'), tensor(0.0209, device='cuda:0'), tensor(0.0210, device='cuda:0'), tensor(0.0207, device='cuda:0'), tensor(0.0221, device='cuda:0'), tensor(0.0208, device='cuda:0'), tensor(0.0208, device='cuda:0'), tensor(0.0217, device='cuda:0'), tensor(0.0209, device='cuda:0'), tensor(0.0215, device='cuda:0'), tensor(0.0218, device='cuda:0')]"
66,"[tensor(0.0214, device='cuda:0'), tensor(0.0217, device='cuda:0'), tensor(0.0220, device='cuda:0'), tensor(0.0213, device='cuda:0'), tensor(0.0219, device='cuda:0'), tensor(0.0213, device='cuda:0'), tensor(0.0215, device='cuda:0'), tensor(0.0215, device='cuda:0'), tensor(0.0218, device='cuda:0'), tensor(0.0210, device='cuda:0'), tensor(0.0216, device='cuda:0'), tensor(0.0217, device='cuda:0'), tensor(0.0215, device='cuda:0'), tensor(0.0209, device='cuda:0'), tensor(0.0208, device='cuda:0'), tensor(0.0218, device='cuda:0'), tensor(0.0217, device='cuda:0'), tensor(0.0212, device='cuda:0'), tensor(0.0209, device='cuda:0'), tensor(0.0210, device='cuda:0'), tensor(0.0208, device='cuda:0'), tensor(0.0218, device='cuda:0'), tensor(0.0209, device='cuda:0'), tensor(0.0209, device='cuda:0'), tensor(0.0208, device='cuda:0'), tensor(0.0211, device='cuda:0'), tensor(0.0220, device='cuda:0'), tensor(0.0217, device='cuda:0'), tensor(0.0212, device='cuda:0'), tensor(0.0207, device='cuda:0'), tensor(0.0222, device='cuda:0'), tensor(0.0221, device='cuda:0'), tensor(0.0211, device='cuda:0'), tensor(0.0216, device='cuda:0'), tensor(0.0220, device='cuda:0'), tensor(0.0220, device='cuda:0'), tensor(0.0216, device='cuda:0'), tensor(0.0215, device='cuda:0'), tensor(0.0213, device='cuda:0'), tensor(0.0206, device='cuda:0'), tensor(0.0214, device='cuda:0'), tensor(0.0216, device='cuda:0'), tensor(0.0220, device='cuda:0'), tensor(0.0209, device='cuda:0'), tensor(0.0218, device='cuda:0'), tensor(0.0221, device='cuda:0'), tensor(0.0208, device='cuda:0'), tensor(0.0216, device='cuda:0'), tensor(0.0211, device='cuda:0'), tensor(0.0214, device='cuda:0'), tensor(0.0215, device='cuda:0'), tensor(0.0208, device='cuda:0'), tensor(0.0208, device='cuda:0'), tensor(0.0209, device='cuda:0'), tensor(0.0215, device='cuda:0'), tensor(0.0222, device='cuda:0'), tensor(0.0211, device='cuda:0'), tensor(0.0215, device='cuda:0'), tensor(0.0220, device='cuda:0'), tensor(0.0220, device='cuda:0'), tensor(0.0211, device='cuda:0'), tensor(0.0210, device='cuda:0'), tensor(0.0208, device='cuda:0'), tensor(0.0214, device='cuda:0'), tensor(0.0222, device='cuda:0'), tensor(0.0220, device='cuda:0'), tensor(0.0216, device='cuda:0'), tensor(0.0208, device='cuda:0'), tensor(0.0215, device='cuda:0'), tensor(0.0214, device='cuda:0'), tensor(0.0210, device='cuda:0'), tensor(0.0208, device='cuda:0'), tensor(0.0215, device='cuda:0'), tensor(0.0219, device='cuda:0'), tensor(0.0214, device='cuda:0'), tensor(0.0208, device='cuda:0'), tensor(0.0210, device='cuda:0'), tensor(0.0210, device='cuda:0'), tensor(0.0214, device='cuda:0'), tensor(0.0208, device='cuda:0'), tensor(0.0223, device='cuda:0'), tensor(0.0211, device='cuda:0'), tensor(0.0216, device='cuda:0'), tensor(0.0206, device='cuda:0'), tensor(0.0208, device='cuda:0'), tensor(0.0210, device='cuda:0'), tensor(0.0210, device='cuda:0'), tensor(0.0222, device='cuda:0'), tensor(0.0208, device='cuda:0'), tensor(0.0219, device='cuda:0'), tensor(0.0213, device='cuda:0'), tensor(0.0215, device='cuda:0'), tensor(0.0212, device='cuda:0'), tensor(0.0218, device='cuda:0'), tensor(0.0215, device='cuda:0'), tensor(0.0217, device='cuda:0'), tensor(0.0210, device='cuda:0'), tensor(0.0212, device='cuda:0'), tensor(0.0209, device='cuda:0'), tensor(0.0210, device='cuda:0')]"
67,"[tensor(0.0207, device='cuda:0'), tensor(0.0210, device='cuda:0'), tensor(0.0217, device='cuda:0'), tensor(0.0210, device='cuda:0'), tensor(0.0209, device='cuda:0'), tensor(0.0216, device='cuda:0'), tensor(0.0208, device='cuda:0'), tensor(0.0209, device='cuda:0'), tensor(0.0209, device='cuda:0'), tensor(0.0217, device='cuda:0'), tensor(0.0210, device='cuda:0'), tensor(0.0210, device='cuda:0'), tensor(0.0211, device='cuda:0'), tensor(0.0217, device='cuda:0'), tensor(0.0217, device='cuda:0'), tensor(0.0220, device='cuda:0'), tensor(0.0212, device='cuda:0'), tensor(0.0220, device='cuda:0'), tensor(0.0215, device='cuda:0'), tensor(0.0210, device='cuda:0'), tensor(0.0217, device='cuda:0'), tensor(0.0211, device='cuda:0'), tensor(0.0217, device='cuda:0'), tensor(0.0217, device='cuda:0'), tensor(0.0216, device='cuda:0'), tensor(0.0218, device='cuda:0'), tensor(0.0219, device='cuda:0'), tensor(0.0210, device='cuda:0'), tensor(0.0210, device='cuda:0'), tensor(0.0216, device='cuda:0'), tensor(0.0219, device='cuda:0'), tensor(0.0224, device='cuda:0'), tensor(0.0218, device='cuda:0'), tensor(0.0213, device='cuda:0'), tensor(0.0210, device='cuda:0'), tensor(0.0209, device='cuda:0'), tensor(0.0218, device='cuda:0'), tensor(0.0209, device='cuda:0'), tensor(0.0216, device='cuda:0'), tensor(0.0212, device='cuda:0'), tensor(0.0208, device='cuda:0'), tensor(0.0208, device='cuda:0'), tensor(0.0217, device='cuda:0'), tensor(0.0217, device='cuda:0'), tensor(0.0220, device='cuda:0'), tensor(0.0219, device='cuda:0'), tensor(0.0217, device='cuda:0'), tensor(0.0208, device='cuda:0'), tensor(0.0209, device='cuda:0'), tensor(0.0211, device='cuda:0'), tensor(0.0210, device='cuda:0'), tensor(0.0210, device='cuda:0'), tensor(0.0217, device='cuda:0'), tensor(0.0216, device='cuda:0'), tensor(0.0219, device='cuda:0'), tensor(0.0219, device='cuda:0'), tensor(0.0217, device='cuda:0'), tensor(0.0210, device='cuda:0'), tensor(0.0218, device='cuda:0'), tensor(0.0218, device='cuda:0'), tensor(0.0218, device='cuda:0'), tensor(0.0216, device='cuda:0'), tensor(0.0214, device='cuda:0'), tensor(0.0209, device='cuda:0'), tensor(0.0224, device='cuda:0'), tensor(0.0218, device='cuda:0'), tensor(0.0211, device='cuda:0'), tensor(0.0216, device='cuda:0'), tensor(0.0210, device='cuda:0'), tensor(0.0209, device='cuda:0'), tensor(0.0216, device='cuda:0'), tensor(0.0213, device='cuda:0'), tensor(0.0210, device='cuda:0'), tensor(0.0217, device='cuda:0'), tensor(0.0212, device='cuda:0'), tensor(0.0216, device='cuda:0'), tensor(0.0217, device='cuda:0'), tensor(0.0219, device='cuda:0'), tensor(0.0209, device='cuda:0'), tensor(0.0217, device='cuda:0'), tensor(0.0219, device='cuda:0'), tensor(0.0215, device='cuda:0'), tensor(0.0211, device='cuda:0'), tensor(0.0213, device='cuda:0'), tensor(0.0215, device='cuda:0'), tensor(0.0216, device='cuda:0'), tensor(0.0218, device='cuda:0'), tensor(0.0219, device='cuda:0'), tensor(0.0211, device='cuda:0'), tensor(0.0221, device='cuda:0'), tensor(0.0209, device='cuda:0'), tensor(0.0210, device='cuda:0'), tensor(0.0207, device='cuda:0'), tensor(0.0221, device='cuda:0'), tensor(0.0208, device='cuda:0'), tensor(0.0208, device='cuda:0'), tensor(0.0218, device='cuda:0'), tensor(0.0210, device='cuda:0'), tensor(0.0215, device='cuda:0'), tensor(0.0218, device='cuda:0')]"
68,"[tensor(0.0215, device='cuda:0'), tensor(0.0217, device='cuda:0'), tensor(0.0219, device='cuda:0'), tensor(0.0214, device='cuda:0'), tensor(0.0219, device='cuda:0'), tensor(0.0214, device='cuda:0'), tensor(0.0215, device='cuda:0'), tensor(0.0216, device='cuda:0'), tensor(0.0218, device='cuda:0'), tensor(0.0211, device='cuda:0'), tensor(0.0217, device='cuda:0'), tensor(0.0217, device='cuda:0'), tensor(0.0216, device='cuda:0'), tensor(0.0210, device='cuda:0'), tensor(0.0208, device='cuda:0'), tensor(0.0218, device='cuda:0'), tensor(0.0217, device='cuda:0'), tensor(0.0212, device='cuda:0'), tensor(0.0210, device='cuda:0'), tensor(0.0210, device='cuda:0'), tensor(0.0208, device='cuda:0'), tensor(0.0218, device='cuda:0'), tensor(0.0210, device='cuda:0'), tensor(0.0209, device='cuda:0'), tensor(0.0208, device='cuda:0'), tensor(0.0211, device='cuda:0'), tensor(0.0221, device='cuda:0'), tensor(0.0217, device='cuda:0'), tensor(0.0213, device='cuda:0'), tensor(0.0207, device='cuda:0'), tensor(0.0222, device='cuda:0'), tensor(0.0222, device='cuda:0'), tensor(0.0212, device='cuda:0'), tensor(0.0216, device='cuda:0'), tensor(0.0220, device='cuda:0'), tensor(0.0220, device='cuda:0'), tensor(0.0216, device='cuda:0'), tensor(0.0216, device='cuda:0'), tensor(0.0213, device='cuda:0'), tensor(0.0207, device='cuda:0'), tensor(0.0214, device='cuda:0'), tensor(0.0216, device='cuda:0'), tensor(0.0220, device='cuda:0'), tensor(0.0209, device='cuda:0'), tensor(0.0218, device='cuda:0'), tensor(0.0221, device='cuda:0'), tensor(0.0209, device='cuda:0'), tensor(0.0216, device='cuda:0'), tensor(0.0211, device='cuda:0'), tensor(0.0213, device='cuda:0'), tensor(0.0215, device='cuda:0'), tensor(0.0208, device='cuda:0'), tensor(0.0208, device='cuda:0'), tensor(0.0210, device='cuda:0'), tensor(0.0215, device='cuda:0'), tensor(0.0222, device='cuda:0'), tensor(0.0211, device='cuda:0'), tensor(0.0215, device='cuda:0'), tensor(0.0221, device='cuda:0'), tensor(0.0221, device='cuda:0'), tensor(0.0211, device='cuda:0'), tensor(0.0210, device='cuda:0'), tensor(0.0208, device='cuda:0'), tensor(0.0214, device='cuda:0'), tensor(0.0222, device='cuda:0'), tensor(0.0220, device='cuda:0'), tensor(0.0216, device='cuda:0'), tensor(0.0209, device='cuda:0'), tensor(0.0214, device='cuda:0'), tensor(0.0214, device='cuda:0'), tensor(0.0210, device='cuda:0'), tensor(0.0208, device='cuda:0'), tensor(0.0216, device='cuda:0'), tensor(0.0219, device='cuda:0'), tensor(0.0214, device='cuda:0'), tensor(0.0208, device='cuda:0'), tensor(0.0210, device='cuda:0'), tensor(0.0211, device='cuda:0'), tensor(0.0214, device='cuda:0'), tensor(0.0208, device='cuda:0'), tensor(0.0223, device='cuda:0'), tensor(0.0212, device='cuda:0'), tensor(0.0217, device='cuda:0'), tensor(0.0207, device='cuda:0'), tensor(0.0208, device='cuda:0'), tensor(0.0210, device='cuda:0'), tensor(0.0210, device='cuda:0'), tensor(0.0222, device='cuda:0'), tensor(0.0208, device='cuda:0'), tensor(0.0219, device='cuda:0'), tensor(0.0213, device='cuda:0'), tensor(0.0215, device='cuda:0'), tensor(0.0212, device='cuda:0'), tensor(0.0218, device='cuda:0'), tensor(0.0215, device='cuda:0'), tensor(0.0217, device='cuda:0'), tensor(0.0210, device='cuda:0'), tensor(0.0213, device='cuda:0'), tensor(0.0209, device='cuda:0'), tensor(0.0211, device='cuda:0')]"
69,"[tensor(0.0208, device='cuda:0'), tensor(0.0210, device='cuda:0'), tensor(0.0217, device='cuda:0'), tensor(0.0210, device='cuda:0'), tensor(0.0209, device='cuda:0'), tensor(0.0217, device='cuda:0'), tensor(0.0208, device='cuda:0'), tensor(0.0210, device='cuda:0'), tensor(0.0210, device='cuda:0'), tensor(0.0217, device='cuda:0'), tensor(0.0211, device='cuda:0'), tensor(0.0210, device='cuda:0'), tensor(0.0211, device='cuda:0'), tensor(0.0217, device='cuda:0'), tensor(0.0218, device='cuda:0'), tensor(0.0221, device='cuda:0'), tensor(0.0213, device='cuda:0'), tensor(0.0220, device='cuda:0'), tensor(0.0215, device='cuda:0'), tensor(0.0210, device='cuda:0'), tensor(0.0217, device='cuda:0'), tensor(0.0211, device='cuda:0'), tensor(0.0217, device='cuda:0'), tensor(0.0217, device='cuda:0'), tensor(0.0217, device='cuda:0'), tensor(0.0218, device='cuda:0'), tensor(0.0219, device='cuda:0'), tensor(0.0210, device='cuda:0'), tensor(0.0211, device='cuda:0'), tensor(0.0217, device='cuda:0'), tensor(0.0219, device='cuda:0'), tensor(0.0224, device='cuda:0'), tensor(0.0218, device='cuda:0'), tensor(0.0213, device='cuda:0'), tensor(0.0210, device='cuda:0'), tensor(0.0209, device='cuda:0'), tensor(0.0218, device='cuda:0'), tensor(0.0209, device='cuda:0'), tensor(0.0216, device='cuda:0'), tensor(0.0215, device='cuda:0'), tensor(0.0208, device='cuda:0'), tensor(0.0209, device='cuda:0'), tensor(0.0221, device='cuda:0'), tensor(0.0217, device='cuda:0'), tensor(0.0220, device='cuda:0'), tensor(0.0219, device='cuda:0'), tensor(0.0217, device='cuda:0'), tensor(0.0208, device='cuda:0'), tensor(0.0209, device='cuda:0'), tensor(0.0211, device='cuda:0'), tensor(0.0211, device='cuda:0'), tensor(0.0211, device='cuda:0'), tensor(0.0217, device='cuda:0'), tensor(0.0216, device='cuda:0'), tensor(0.0219, device='cuda:0'), tensor(0.0219, device='cuda:0'), tensor(0.0217, device='cuda:0'), tensor(0.0210, device='cuda:0'), tensor(0.0218, device='cuda:0'), tensor(0.0218, device='cuda:0'), tensor(0.0218, device='cuda:0'), tensor(0.0215, device='cuda:0'), tensor(0.0215, device='cuda:0'), tensor(0.0209, device='cuda:0'), tensor(0.0224, device='cuda:0'), tensor(0.0218, device='cuda:0'), tensor(0.0211, device='cuda:0'), tensor(0.0216, device='cuda:0'), tensor(0.0210, device='cuda:0'), tensor(0.0209, device='cuda:0'), tensor(0.0216, device='cuda:0'), tensor(0.0213, device='cuda:0'), tensor(0.0210, device='cuda:0'), tensor(0.0217, device='cuda:0'), tensor(0.0212, device='cuda:0'), tensor(0.0216, device='cuda:0'), tensor(0.0217, device='cuda:0'), tensor(0.0219, device='cuda:0'), tensor(0.0209, device='cuda:0'), tensor(0.0217, device='cuda:0'), tensor(0.0219, device='cuda:0'), tensor(0.0216, device='cuda:0'), tensor(0.0211, device='cuda:0'), tensor(0.0213, device='cuda:0'), tensor(0.0214, device='cuda:0'), tensor(0.0215, device='cuda:0'), tensor(0.0219, device='cuda:0'), tensor(0.0219, device='cuda:0'), tensor(0.0211, device='cuda:0'), tensor(0.0221, device='cuda:0'), tensor(0.0209, device='cuda:0'), tensor(0.0210, device='cuda:0'), tensor(0.0208, device='cuda:0'), tensor(0.0221, device='cuda:0'), tensor(0.0209, device='cuda:0'), tensor(0.0208, device='cuda:0'), tensor(0.0218, device='cuda:0'), tensor(0.0210, device='cuda:0'), tensor(0.0216, device='cuda:0'), tensor(0.0218, device='cuda:0')]"
70,"[tensor(0.0215, device='cuda:0'), tensor(0.0217, device='cuda:0'), tensor(0.0220, device='cuda:0'), tensor(0.0215, device='cuda:0'), tensor(0.0219, device='cuda:0'), tensor(0.0214, device='cuda:0'), tensor(0.0215, device='cuda:0'), tensor(0.0216, device='cuda:0'), tensor(0.0219, device='cuda:0'), tensor(0.0211, device='cuda:0'), tensor(0.0217, device='cuda:0'), tensor(0.0218, device='cuda:0'), tensor(0.0216, device='cuda:0'), tensor(0.0210, device='cuda:0'), tensor(0.0208, device='cuda:0'), tensor(0.0218, device='cuda:0'), tensor(0.0217, device='cuda:0'), tensor(0.0212, device='cuda:0'), tensor(0.0210, device='cuda:0'), tensor(0.0210, device='cuda:0'), tensor(0.0209, device='cuda:0'), tensor(0.0218, device='cuda:0'), tensor(0.0210, device='cuda:0'), tensor(0.0209, device='cuda:0'), tensor(0.0208, device='cuda:0'), tensor(0.0211, device='cuda:0'), tensor(0.0221, device='cuda:0'), tensor(0.0218, device='cuda:0'), tensor(0.0214, device='cuda:0'), tensor(0.0207, device='cuda:0'), tensor(0.0222, device='cuda:0'), tensor(0.0222, device='cuda:0'), tensor(0.0212, device='cuda:0'), tensor(0.0216, device='cuda:0'), tensor(0.0221, device='cuda:0'), tensor(0.0220, device='cuda:0'), tensor(0.0216, device='cuda:0'), tensor(0.0216, device='cuda:0'), tensor(0.0213, device='cuda:0'), tensor(0.0207, device='cuda:0'), tensor(0.0215, device='cuda:0'), tensor(0.0216, device='cuda:0'), tensor(0.0220, device='cuda:0'), tensor(0.0209, device='cuda:0'), tensor(0.0219, device='cuda:0'), tensor(0.0221, device='cuda:0'), tensor(0.0209, device='cuda:0'), tensor(0.0216, device='cuda:0'), tensor(0.0212, device='cuda:0'), tensor(0.0213, device='cuda:0'), tensor(0.0216, device='cuda:0'), tensor(0.0209, device='cuda:0'), tensor(0.0209, device='cuda:0'), tensor(0.0210, device='cuda:0'), tensor(0.0216, device='cuda:0'), tensor(0.0222, device='cuda:0'), tensor(0.0212, device='cuda:0'), tensor(0.0215, device='cuda:0'), tensor(0.0221, device='cuda:0'), tensor(0.0221, device='cuda:0'), tensor(0.0211, device='cuda:0'), tensor(0.0211, device='cuda:0'), tensor(0.0208, device='cuda:0'), tensor(0.0215, device='cuda:0'), tensor(0.0222, device='cuda:0'), tensor(0.0220, device='cuda:0'), tensor(0.0216, device='cuda:0'), tensor(0.0209, device='cuda:0'), tensor(0.0215, device='cuda:0'), tensor(0.0214, device='cuda:0'), tensor(0.0211, device='cuda:0'), tensor(0.0209, device='cuda:0'), tensor(0.0216, device='cuda:0'), tensor(0.0220, device='cuda:0'), tensor(0.0214, device='cuda:0'), tensor(0.0209, device='cuda:0'), tensor(0.0211, device='cuda:0'), tensor(0.0211, device='cuda:0'), tensor(0.0214, device='cuda:0'), tensor(0.0208, device='cuda:0'), tensor(0.0223, device='cuda:0'), tensor(0.0212, device='cuda:0'), tensor(0.0217, device='cuda:0'), tensor(0.0207, device='cuda:0'), tensor(0.0209, device='cuda:0'), tensor(0.0210, device='cuda:0'), tensor(0.0211, device='cuda:0'), tensor(0.0222, device='cuda:0'), tensor(0.0209, device='cuda:0'), tensor(0.0219, device='cuda:0'), tensor(0.0213, device='cuda:0'), tensor(0.0216, device='cuda:0'), tensor(0.0214, device='cuda:0'), tensor(0.0218, device='cuda:0'), tensor(0.0216, device='cuda:0'), tensor(0.0217, device='cuda:0'), tensor(0.0211, device='cuda:0'), tensor(0.0213, device='cuda:0'), tensor(0.0209, device='cuda:0'), tensor(0.0211, device='cuda:0')]"
71,"[tensor(0.0208, device='cuda:0'), tensor(0.0210, device='cuda:0'), tensor(0.0217, device='cuda:0'), tensor(0.0211, device='cuda:0'), tensor(0.0209, device='cuda:0'), tensor(0.0217, device='cuda:0'), tensor(0.0209, device='cuda:0'), tensor(0.0210, device='cuda:0'), tensor(0.0210, device='cuda:0'), tensor(0.0217, device='cuda:0'), tensor(0.0211, device='cuda:0'), tensor(0.0211, device='cuda:0'), tensor(0.0211, device='cuda:0'), tensor(0.0217, device='cuda:0'), tensor(0.0218, device='cuda:0'), tensor(0.0221, device='cuda:0'), tensor(0.0213, device='cuda:0'), tensor(0.0220, device='cuda:0'), tensor(0.0215, device='cuda:0'), tensor(0.0210, device='cuda:0'), tensor(0.0218, device='cuda:0'), tensor(0.0211, device='cuda:0'), tensor(0.0218, device='cuda:0'), tensor(0.0218, device='cuda:0'), tensor(0.0217, device='cuda:0'), tensor(0.0219, device='cuda:0'), tensor(0.0219, device='cuda:0'), tensor(0.0210, device='cuda:0'), tensor(0.0211, device='cuda:0'), tensor(0.0217, device='cuda:0'), tensor(0.0219, device='cuda:0'), tensor(0.0224, device='cuda:0'), tensor(0.0218, device='cuda:0'), tensor(0.0213, device='cuda:0'), tensor(0.0210, device='cuda:0'), tensor(0.0210, device='cuda:0'), tensor(0.0219, device='cuda:0'), tensor(0.0209, device='cuda:0'), tensor(0.0217, device='cuda:0'), tensor(0.0215, device='cuda:0'), tensor(0.0208, device='cuda:0'), tensor(0.0209, device='cuda:0'), tensor(0.0222, device='cuda:0'), tensor(0.0217, device='cuda:0'), tensor(0.0221, device='cuda:0'), tensor(0.0219, device='cuda:0'), tensor(0.0218, device='cuda:0'), tensor(0.0209, device='cuda:0'), tensor(0.0209, device='cuda:0'), tensor(0.0211, device='cuda:0'), tensor(0.0211, device='cuda:0'), tensor(0.0211, device='cuda:0'), tensor(0.0217, device='cuda:0'), tensor(0.0216, device='cuda:0'), tensor(0.0219, device='cuda:0'), tensor(0.0219, device='cuda:0'), tensor(0.0217, device='cuda:0'), tensor(0.0210, device='cuda:0'), tensor(0.0219, device='cuda:0'), tensor(0.0218, device='cuda:0'), tensor(0.0218, device='cuda:0'), tensor(0.0216, device='cuda:0'), tensor(0.0215, device='cuda:0'), tensor(0.0209, device='cuda:0'), tensor(0.0224, device='cuda:0'), tensor(0.0218, device='cuda:0'), tensor(0.0211, device='cuda:0'), tensor(0.0216, device='cuda:0'), tensor(0.0210, device='cuda:0'), tensor(0.0210, device='cuda:0'), tensor(0.0216, device='cuda:0'), tensor(0.0213, device='cuda:0'), tensor(0.0210, device='cuda:0'), tensor(0.0217, device='cuda:0'), tensor(0.0213, device='cuda:0'), tensor(0.0216, device='cuda:0'), tensor(0.0217, device='cuda:0'), tensor(0.0219, device='cuda:0'), tensor(0.0209, device='cuda:0'), tensor(0.0218, device='cuda:0'), tensor(0.0219, device='cuda:0'), tensor(0.0216, device='cuda:0'), tensor(0.0212, device='cuda:0'), tensor(0.0213, device='cuda:0'), tensor(0.0214, device='cuda:0'), tensor(0.0216, device='cuda:0'), tensor(0.0219, device='cuda:0'), tensor(0.0220, device='cuda:0'), tensor(0.0212, device='cuda:0'), tensor(0.0221, device='cuda:0'), tensor(0.0209, device='cuda:0'), tensor(0.0211, device='cuda:0'), tensor(0.0208, device='cuda:0'), tensor(0.0221, device='cuda:0'), tensor(0.0209, device='cuda:0'), tensor(0.0209, device='cuda:0'), tensor(0.0218, device='cuda:0'), tensor(0.0210, device='cuda:0'), tensor(0.0217, device='cuda:0'), tensor(0.0218, device='cuda:0')]"
72,"[tensor(0.0215, device='cuda:0'), tensor(0.0218, device='cuda:0'), tensor(0.0220, device='cuda:0'), tensor(0.0215, device='cuda:0'), tensor(0.0220, device='cuda:0'), tensor(0.0214, device='cuda:0'), tensor(0.0216, device='cuda:0'), tensor(0.0216, device='cuda:0'), tensor(0.0218, device='cuda:0'), tensor(0.0211, device='cuda:0'), tensor(0.0217, device='cuda:0'), tensor(0.0218, device='cuda:0'), tensor(0.0217, device='cuda:0'), tensor(0.0210, device='cuda:0'), tensor(0.0209, device='cuda:0'), tensor(0.0218, device='cuda:0'), tensor(0.0218, device='cuda:0'), tensor(0.0213, device='cuda:0'), tensor(0.0210, device='cuda:0'), tensor(0.0211, device='cuda:0'), tensor(0.0209, device='cuda:0'), tensor(0.0219, device='cuda:0'), tensor(0.0210, device='cuda:0'), tensor(0.0210, device='cuda:0'), tensor(0.0209, device='cuda:0'), tensor(0.0211, device='cuda:0'), tensor(0.0221, device='cuda:0'), tensor(0.0218, device='cuda:0'), tensor(0.0214, device='cuda:0'), tensor(0.0207, device='cuda:0'), tensor(0.0222, device='cuda:0'), tensor(0.0222, device='cuda:0'), tensor(0.0212, device='cuda:0'), tensor(0.0217, device='cuda:0'), tensor(0.0221, device='cuda:0'), tensor(0.0221, device='cuda:0'), tensor(0.0217, device='cuda:0'), tensor(0.0217, device='cuda:0'), tensor(0.0213, device='cuda:0'), tensor(0.0208, device='cuda:0'), tensor(0.0215, device='cuda:0'), tensor(0.0217, device='cuda:0'), tensor(0.0221, device='cuda:0'), tensor(0.0210, device='cuda:0'), tensor(0.0219, device='cuda:0'), tensor(0.0221, device='cuda:0'), tensor(0.0209, device='cuda:0'), tensor(0.0217, device='cuda:0'), tensor(0.0212, device='cuda:0'), tensor(0.0213, device='cuda:0'), tensor(0.0216, device='cuda:0'), tensor(0.0209, device='cuda:0'), tensor(0.0209, device='cuda:0'), tensor(0.0210, device='cuda:0'), tensor(0.0216, device='cuda:0'), tensor(0.0222, device='cuda:0'), tensor(0.0212, device='cuda:0'), tensor(0.0215, device='cuda:0'), tensor(0.0221, device='cuda:0'), tensor(0.0221, device='cuda:0'), tensor(0.0212, device='cuda:0'), tensor(0.0211, device='cuda:0'), tensor(0.0209, device='cuda:0'), tensor(0.0215, device='cuda:0'), tensor(0.0222, device='cuda:0'), tensor(0.0220, device='cuda:0'), tensor(0.0218, device='cuda:0'), tensor(0.0209, device='cuda:0'), tensor(0.0216, device='cuda:0'), tensor(0.0215, device='cuda:0'), tensor(0.0211, device='cuda:0'), tensor(0.0209, device='cuda:0'), tensor(0.0216, device='cuda:0'), tensor(0.0220, device='cuda:0'), tensor(0.0215, device='cuda:0'), tensor(0.0209, device='cuda:0'), tensor(0.0211, device='cuda:0'), tensor(0.0211, device='cuda:0'), tensor(0.0214, device='cuda:0'), tensor(0.0209, device='cuda:0'), tensor(0.0223, device='cuda:0'), tensor(0.0212, device='cuda:0'), tensor(0.0217, device='cuda:0'), tensor(0.0207, device='cuda:0'), tensor(0.0209, device='cuda:0'), tensor(0.0210, device='cuda:0'), tensor(0.0211, device='cuda:0'), tensor(0.0222, device='cuda:0'), tensor(0.0209, device='cuda:0'), tensor(0.0219, device='cuda:0'), tensor(0.0214, device='cuda:0'), tensor(0.0216, device='cuda:0'), tensor(0.0214, device='cuda:0'), tensor(0.0218, device='cuda:0'), tensor(0.0216, device='cuda:0'), tensor(0.0217, device='cuda:0'), tensor(0.0211, device='cuda:0'), tensor(0.0214, device='cuda:0'), tensor(0.0210, device='cuda:0'), tensor(0.0211, device='cuda:0')]"
73,"[tensor(0.0208, device='cuda:0'), tensor(0.0211, device='cuda:0'), tensor(0.0217, device='cuda:0'), tensor(0.0211, device='cuda:0'), tensor(0.0210, device='cuda:0'), tensor(0.0217, device='cuda:0'), tensor(0.0209, device='cuda:0'), tensor(0.0211, device='cuda:0'), tensor(0.0210, device='cuda:0'), tensor(0.0218, device='cuda:0'), tensor(0.0211, device='cuda:0'), tensor(0.0211, device='cuda:0'), tensor(0.0212, device='cuda:0'), tensor(0.0218, device='cuda:0'), tensor(0.0218, device='cuda:0'), tensor(0.0221, device='cuda:0'), tensor(0.0213, device='cuda:0'), tensor(0.0220, device='cuda:0'), tensor(0.0216, device='cuda:0'), tensor(0.0211, device='cuda:0'), tensor(0.0218, device='cuda:0'), tensor(0.0212, device='cuda:0'), tensor(0.0218, device='cuda:0'), tensor(0.0218, device='cuda:0'), tensor(0.0217, device='cuda:0'), tensor(0.0219, device='cuda:0'), tensor(0.0220, device='cuda:0'), tensor(0.0210, device='cuda:0'), tensor(0.0211, device='cuda:0'), tensor(0.0217, device='cuda:0'), tensor(0.0219, device='cuda:0'), tensor(0.0224, device='cuda:0'), tensor(0.0219, device='cuda:0'), tensor(0.0213, device='cuda:0'), tensor(0.0211, device='cuda:0'), tensor(0.0210, device='cuda:0'), tensor(0.0219, device='cuda:0'), tensor(0.0210, device='cuda:0'), tensor(0.0217, device='cuda:0'), tensor(0.0216, device='cuda:0'), tensor(0.0209, device='cuda:0'), tensor(0.0209, device='cuda:0'), tensor(0.0223, device='cuda:0'), tensor(0.0218, device='cuda:0'), tensor(0.0221, device='cuda:0'), tensor(0.0220, device='cuda:0'), tensor(0.0218, device='cuda:0'), tensor(0.0209, device='cuda:0'), tensor(0.0210, device='cuda:0'), tensor(0.0211, device='cuda:0'), tensor(0.0211, device='cuda:0'), tensor(0.0211, device='cuda:0'), tensor(0.0218, device='cuda:0'), tensor(0.0217, device='cuda:0'), tensor(0.0219, device='cuda:0'), tensor(0.0219, device='cuda:0'), tensor(0.0217, device='cuda:0'), tensor(0.0211, device='cuda:0'), tensor(0.0219, device='cuda:0'), tensor(0.0219, device='cuda:0'), tensor(0.0218, device='cuda:0'), tensor(0.0216, device='cuda:0'), tensor(0.0216, device='cuda:0'), tensor(0.0210, device='cuda:0'), tensor(0.0224, device='cuda:0'), tensor(0.0218, device='cuda:0'), tensor(0.0212, device='cuda:0'), tensor(0.0216, device='cuda:0'), tensor(0.0210, device='cuda:0'), tensor(0.0210, device='cuda:0'), tensor(0.0216, device='cuda:0'), tensor(0.0213, device='cuda:0'), tensor(0.0211, device='cuda:0'), tensor(0.0217, device='cuda:0'), tensor(0.0213, device='cuda:0'), tensor(0.0217, device='cuda:0'), tensor(0.0218, device='cuda:0'), tensor(0.0220, device='cuda:0'), tensor(0.0210, device='cuda:0'), tensor(0.0218, device='cuda:0'), tensor(0.0219, device='cuda:0'), tensor(0.0216, device='cuda:0'), tensor(0.0212, device='cuda:0'), tensor(0.0213, device='cuda:0'), tensor(0.0215, device='cuda:0'), tensor(0.0216, device='cuda:0'), tensor(0.0219, device='cuda:0'), tensor(0.0220, device='cuda:0'), tensor(0.0212, device='cuda:0'), tensor(0.0221, device='cuda:0'), tensor(0.0210, device='cuda:0'), tensor(0.0211, device='cuda:0'), tensor(0.0208, device='cuda:0'), tensor(0.0221, device='cuda:0'), tensor(0.0209, device='cuda:0'), tensor(0.0209, device='cuda:0'), tensor(0.0218, device='cuda:0'), tensor(0.0211, device='cuda:0'), tensor(0.0217, device='cuda:0'), tensor(0.0219, device='cuda:0')]"
74,"[tensor(0.0215, device='cuda:0'), tensor(0.0218, device='cuda:0'), tensor(0.0220, device='cuda:0'), tensor(0.0215, device='cuda:0'), tensor(0.0220, device='cuda:0'), tensor(0.0214, device='cuda:0'), tensor(0.0216, device='cuda:0'), tensor(0.0216, device='cuda:0'), tensor(0.0219, device='cuda:0'), tensor(0.0212, device='cuda:0'), tensor(0.0218, device='cuda:0'), tensor(0.0218, device='cuda:0'), tensor(0.0217, device='cuda:0'), tensor(0.0210, device='cuda:0'), tensor(0.0209, device='cuda:0'), tensor(0.0218, device='cuda:0'), tensor(0.0218, device='cuda:0'), tensor(0.0213, device='cuda:0'), tensor(0.0211, device='cuda:0'), tensor(0.0211, device='cuda:0'), tensor(0.0209, device='cuda:0'), tensor(0.0219, device='cuda:0'), tensor(0.0211, device='cuda:0'), tensor(0.0210, device='cuda:0'), tensor(0.0209, device='cuda:0'), tensor(0.0212, device='cuda:0'), tensor(0.0222, device='cuda:0'), tensor(0.0218, device='cuda:0'), tensor(0.0215, device='cuda:0'), tensor(0.0208, device='cuda:0'), tensor(0.0222, device='cuda:0'), tensor(0.0222, device='cuda:0'), tensor(0.0212, device='cuda:0'), tensor(0.0216, device='cuda:0'), tensor(0.0221, device='cuda:0'), tensor(0.0221, device='cuda:0'), tensor(0.0217, device='cuda:0'), tensor(0.0217, device='cuda:0'), tensor(0.0214, device='cuda:0'), tensor(0.0208, device='cuda:0'), tensor(0.0215, device='cuda:0'), tensor(0.0217, device='cuda:0'), tensor(0.0220, device='cuda:0'), tensor(0.0210, device='cuda:0'), tensor(0.0218, device='cuda:0'), tensor(0.0222, device='cuda:0'), tensor(0.0210, device='cuda:0'), tensor(0.0217, device='cuda:0'), tensor(0.0213, device='cuda:0'), tensor(0.0213, device='cuda:0'), tensor(0.0216, device='cuda:0'), tensor(0.0210, device='cuda:0'), tensor(0.0209, device='cuda:0'), tensor(0.0211, device='cuda:0'), tensor(0.0216, device='cuda:0'), tensor(0.0222, device='cuda:0'), tensor(0.0212, device='cuda:0'), tensor(0.0215, device='cuda:0'), tensor(0.0221, device='cuda:0'), tensor(0.0220, device='cuda:0'), tensor(0.0212, device='cuda:0'), tensor(0.0211, device='cuda:0'), tensor(0.0209, device='cuda:0'), tensor(0.0215, device='cuda:0'), tensor(0.0222, device='cuda:0'), tensor(0.0220, device='cuda:0'), tensor(0.0218, device='cuda:0'), tensor(0.0210, device='cuda:0'), tensor(0.0215, device='cuda:0'), tensor(0.0215, device='cuda:0'), tensor(0.0211, device='cuda:0'), tensor(0.0209, device='cuda:0'), tensor(0.0217, device='cuda:0'), tensor(0.0220, device='cuda:0'), tensor(0.0215, device='cuda:0'), tensor(0.0209, device='cuda:0'), tensor(0.0211, device='cuda:0'), tensor(0.0212, device='cuda:0'), tensor(0.0214, device='cuda:0'), tensor(0.0209, device='cuda:0'), tensor(0.0223, device='cuda:0'), tensor(0.0212, device='cuda:0'), tensor(0.0217, device='cuda:0'), tensor(0.0208, device='cuda:0'), tensor(0.0209, device='cuda:0'), tensor(0.0211, device='cuda:0'), tensor(0.0211, device='cuda:0'), tensor(0.0223, device='cuda:0'), tensor(0.0209, device='cuda:0'), tensor(0.0219, device='cuda:0'), tensor(0.0215, device='cuda:0'), tensor(0.0216, device='cuda:0'), tensor(0.0215, device='cuda:0'), tensor(0.0218, device='cuda:0'), tensor(0.0217, device='cuda:0'), tensor(0.0217, device='cuda:0'), tensor(0.0211, device='cuda:0'), tensor(0.0214, device='cuda:0'), tensor(0.0210, device='cuda:0'), tensor(0.0211, device='cuda:0')]"
75,"[tensor(0.0209, device='cuda:0'), tensor(0.0211, device='cuda:0'), tensor(0.0218, device='cuda:0'), tensor(0.0211, device='cuda:0'), tensor(0.0210, device='cuda:0'), tensor(0.0217, device='cuda:0'), tensor(0.0209, device='cuda:0'), tensor(0.0211, device='cuda:0'), tensor(0.0211, device='cuda:0'), tensor(0.0218, device='cuda:0'), tensor(0.0211, device='cuda:0'), tensor(0.0211, device='cuda:0'), tensor(0.0212, device='cuda:0'), tensor(0.0218, device='cuda:0'), tensor(0.0219, device='cuda:0'), tensor(0.0221, device='cuda:0'), tensor(0.0214, device='cuda:0'), tensor(0.0220, device='cuda:0'), tensor(0.0216, device='cuda:0'), tensor(0.0211, device='cuda:0'), tensor(0.0218, device='cuda:0'), tensor(0.0212, device='cuda:0'), tensor(0.0218, device='cuda:0'), tensor(0.0218, device='cuda:0'), tensor(0.0217, device='cuda:0'), tensor(0.0219, device='cuda:0'), tensor(0.0220, device='cuda:0'), tensor(0.0211, device='cuda:0'), tensor(0.0211, device='cuda:0'), tensor(0.0217, device='cuda:0'), tensor(0.0220, device='cuda:0'), tensor(0.0224, device='cuda:0'), tensor(0.0219, device='cuda:0'), tensor(0.0213, device='cuda:0'), tensor(0.0211, device='cuda:0'), tensor(0.0210, device='cuda:0'), tensor(0.0219, device='cuda:0'), tensor(0.0210, device='cuda:0'), tensor(0.0217, device='cuda:0'), tensor(0.0216, device='cuda:0'), tensor(0.0209, device='cuda:0'), tensor(0.0209, device='cuda:0'), tensor(0.0223, device='cuda:0'), tensor(0.0218, device='cuda:0'), tensor(0.0221, device='cuda:0'), tensor(0.0220, device='cuda:0'), tensor(0.0218, device='cuda:0'), tensor(0.0209, device='cuda:0'), tensor(0.0210, device='cuda:0'), tensor(0.0212, device='cuda:0'), tensor(0.0212, device='cuda:0'), tensor(0.0212, device='cuda:0'), tensor(0.0218, device='cuda:0'), tensor(0.0217, device='cuda:0'), tensor(0.0219, device='cuda:0'), tensor(0.0219, device='cuda:0'), tensor(0.0218, device='cuda:0'), tensor(0.0211, device='cuda:0'), tensor(0.0219, device='cuda:0'), tensor(0.0219, device='cuda:0'), tensor(0.0218, device='cuda:0'), tensor(0.0216, device='cuda:0'), tensor(0.0216, device='cuda:0'), tensor(0.0210, device='cuda:0'), tensor(0.0224, device='cuda:0'), tensor(0.0218, device='cuda:0'), tensor(0.0212, device='cuda:0'), tensor(0.0217, device='cuda:0'), tensor(0.0210, device='cuda:0'), tensor(0.0210, device='cuda:0'), tensor(0.0217, device='cuda:0'), tensor(0.0212, device='cuda:0'), tensor(0.0211, device='cuda:0'), tensor(0.0218, device='cuda:0'), tensor(0.0213, device='cuda:0'), tensor(0.0216, device='cuda:0'), tensor(0.0218, device='cuda:0'), tensor(0.0220, device='cuda:0'), tensor(0.0210, device='cuda:0'), tensor(0.0218, device='cuda:0'), tensor(0.0219, device='cuda:0'), tensor(0.0216, device='cuda:0'), tensor(0.0212, device='cuda:0'), tensor(0.0214, device='cuda:0'), tensor(0.0215, device='cuda:0'), tensor(0.0216, device='cuda:0'), tensor(0.0219, device='cuda:0'), tensor(0.0220, device='cuda:0'), tensor(0.0212, device='cuda:0'), tensor(0.0221, device='cuda:0'), tensor(0.0210, device='cuda:0'), tensor(0.0211, device='cuda:0'), tensor(0.0209, device='cuda:0'), tensor(0.0222, device='cuda:0'), tensor(0.0210, device='cuda:0'), tensor(0.0209, device='cuda:0'), tensor(0.0218, device='cuda:0'), tensor(0.0211, device='cuda:0'), tensor(0.0217, device='cuda:0'), tensor(0.0219, device='cuda:0')]"
76,"[tensor(0.0215, device='cuda:0'), tensor(0.0218, device='cuda:0'), tensor(0.0221, device='cuda:0'), tensor(0.0215, device='cuda:0'), tensor(0.0220, device='cuda:0'), tensor(0.0215, device='cuda:0'), tensor(0.0216, device='cuda:0'), tensor(0.0216, device='cuda:0'), tensor(0.0219, device='cuda:0'), tensor(0.0212, device='cuda:0'), tensor(0.0217, device='cuda:0'), tensor(0.0218, device='cuda:0'), tensor(0.0217, device='cuda:0'), tensor(0.0211, device='cuda:0'), tensor(0.0209, device='cuda:0'), tensor(0.0219, device='cuda:0'), tensor(0.0218, device='cuda:0'), tensor(0.0213, device='cuda:0'), tensor(0.0211, device='cuda:0'), tensor(0.0211, device='cuda:0'), tensor(0.0209, device='cuda:0'), tensor(0.0219, device='cuda:0'), tensor(0.0211, device='cuda:0'), tensor(0.0210, device='cuda:0'), tensor(0.0209, device='cuda:0'), tensor(0.0212, device='cuda:0'), tensor(0.0222, device='cuda:0'), tensor(0.0218, device='cuda:0'), tensor(0.0214, device='cuda:0'), tensor(0.0208, device='cuda:0'), tensor(0.0223, device='cuda:0'), tensor(0.0222, device='cuda:0'), tensor(0.0212, device='cuda:0'), tensor(0.0217, device='cuda:0'), tensor(0.0221, device='cuda:0'), tensor(0.0221, device='cuda:0'), tensor(0.0217, device='cuda:0'), tensor(0.0217, device='cuda:0'), tensor(0.0214, device='cuda:0'), tensor(0.0208, device='cuda:0'), tensor(0.0216, device='cuda:0'), tensor(0.0217, device='cuda:0'), tensor(0.0220, device='cuda:0'), tensor(0.0210, device='cuda:0'), tensor(0.0218, device='cuda:0'), tensor(0.0222, device='cuda:0'), tensor(0.0210, device='cuda:0'), tensor(0.0217, device='cuda:0'), tensor(0.0213, device='cuda:0'), tensor(0.0213, device='cuda:0'), tensor(0.0217, device='cuda:0'), tensor(0.0210, device='cuda:0'), tensor(0.0210, device='cuda:0'), tensor(0.0211, device='cuda:0'), tensor(0.0216, device='cuda:0'), tensor(0.0222, device='cuda:0'), tensor(0.0212, device='cuda:0'), tensor(0.0215, device='cuda:0'), tensor(0.0222, device='cuda:0'), tensor(0.0221, device='cuda:0'), tensor(0.0212, device='cuda:0'), tensor(0.0212, device='cuda:0'), tensor(0.0209, device='cuda:0'), tensor(0.0215, device='cuda:0'), tensor(0.0222, device='cuda:0'), tensor(0.0220, device='cuda:0'), tensor(0.0218, device='cuda:0'), tensor(0.0210, device='cuda:0'), tensor(0.0215, device='cuda:0'), tensor(0.0215, device='cuda:0'), tensor(0.0212, device='cuda:0'), tensor(0.0209, device='cuda:0'), tensor(0.0217, device='cuda:0'), tensor(0.0221, device='cuda:0'), tensor(0.0215, device='cuda:0'), tensor(0.0209, device='cuda:0'), tensor(0.0211, device='cuda:0'), tensor(0.0212, device='cuda:0'), tensor(0.0215, device='cuda:0'), tensor(0.0209, device='cuda:0'), tensor(0.0223, device='cuda:0'), tensor(0.0212, device='cuda:0'), tensor(0.0217, device='cuda:0'), tensor(0.0208, device='cuda:0'), tensor(0.0210, device='cuda:0'), tensor(0.0211, device='cuda:0'), tensor(0.0212, device='cuda:0'), tensor(0.0223, device='cuda:0'), tensor(0.0209, device='cuda:0'), tensor(0.0219, device='cuda:0'), tensor(0.0214, device='cuda:0'), tensor(0.0216, device='cuda:0'), tensor(0.0215, device='cuda:0'), tensor(0.0219, device='cuda:0'), tensor(0.0217, device='cuda:0'), tensor(0.0217, device='cuda:0'), tensor(0.0211, device='cuda:0'), tensor(0.0214, device='cuda:0'), tensor(0.0211, device='cuda:0'), tensor(0.0212, device='cuda:0')]"
77,"[tensor(0.0209, device='cuda:0'), tensor(0.0211, device='cuda:0'), tensor(0.0219, device='cuda:0'), tensor(0.0212, device='cuda:0'), tensor(0.0210, device='cuda:0'), tensor(0.0217, device='cuda:0'), tensor(0.0209, device='cuda:0'), tensor(0.0211, device='cuda:0'), tensor(0.0211, device='cuda:0'), tensor(0.0218, device='cuda:0'), tensor(0.0212, device='cuda:0'), tensor(0.0211, device='cuda:0'), tensor(0.0212, device='cuda:0'), tensor(0.0218, device='cuda:0'), tensor(0.0219, device='cuda:0'), tensor(0.0221, device='cuda:0'), tensor(0.0214, device='cuda:0'), tensor(0.0221, device='cuda:0'), tensor(0.0215, device='cuda:0'), tensor(0.0211, device='cuda:0'), tensor(0.0218, device='cuda:0'), tensor(0.0212, device='cuda:0'), tensor(0.0218, device='cuda:0'), tensor(0.0218, device='cuda:0'), tensor(0.0218, device='cuda:0'), tensor(0.0219, device='cuda:0'), tensor(0.0220, device='cuda:0'), tensor(0.0211, device='cuda:0'), tensor(0.0212, device='cuda:0'), tensor(0.0218, device='cuda:0'), tensor(0.0220, device='cuda:0'), tensor(0.0224, device='cuda:0'), tensor(0.0219, device='cuda:0'), tensor(0.0214, device='cuda:0'), tensor(0.0211, device='cuda:0'), tensor(0.0211, device='cuda:0'), tensor(0.0219, device='cuda:0'), tensor(0.0210, device='cuda:0'), tensor(0.0217, device='cuda:0'), tensor(0.0216, device='cuda:0'), tensor(0.0209, device='cuda:0'), tensor(0.0210, device='cuda:0'), tensor(0.0224, device='cuda:0'), tensor(0.0218, device='cuda:0'), tensor(0.0221, device='cuda:0'), tensor(0.0220, device='cuda:0'), tensor(0.0218, device='cuda:0'), tensor(0.0210, device='cuda:0'), tensor(0.0210, device='cuda:0'), tensor(0.0212, device='cuda:0'), tensor(0.0212, device='cuda:0'), tensor(0.0212, device='cuda:0'), tensor(0.0218, device='cuda:0'), tensor(0.0217, device='cuda:0'), tensor(0.0219, device='cuda:0'), tensor(0.0220, device='cuda:0'), tensor(0.0218, device='cuda:0'), tensor(0.0211, device='cuda:0'), tensor(0.0219, device='cuda:0'), tensor(0.0219, device='cuda:0'), tensor(0.0218, device='cuda:0'), tensor(0.0217, device='cuda:0'), tensor(0.0216, device='cuda:0'), tensor(0.0210, device='cuda:0'), tensor(0.0225, device='cuda:0'), tensor(0.0218, device='cuda:0'), tensor(0.0212, device='cuda:0'), tensor(0.0217, device='cuda:0'), tensor(0.0211, device='cuda:0'), tensor(0.0211, device='cuda:0'), tensor(0.0217, device='cuda:0'), tensor(0.0210, device='cuda:0'), tensor(0.0211, device='cuda:0'), tensor(0.0219, device='cuda:0'), tensor(0.0214, device='cuda:0'), tensor(0.0217, device='cuda:0'), tensor(0.0218, device='cuda:0'), tensor(0.0220, device='cuda:0'), tensor(0.0210, device='cuda:0'), tensor(0.0218, device='cuda:0'), tensor(0.0220, device='cuda:0'), tensor(0.0217, device='cuda:0'), tensor(0.0212, device='cuda:0'), tensor(0.0214, device='cuda:0'), tensor(0.0215, device='cuda:0'), tensor(0.0216, device='cuda:0'), tensor(0.0219, device='cuda:0'), tensor(0.0220, device='cuda:0'), tensor(0.0212, device='cuda:0'), tensor(0.0222, device='cuda:0'), tensor(0.0210, device='cuda:0'), tensor(0.0211, device='cuda:0'), tensor(0.0209, device='cuda:0'), tensor(0.0221, device='cuda:0'), tensor(0.0210, device='cuda:0'), tensor(0.0209, device='cuda:0'), tensor(0.0218, device='cuda:0'), tensor(0.0211, device='cuda:0'), tensor(0.0217, device='cuda:0'), tensor(0.0219, device='cuda:0')]"
78,"[tensor(0.0215, device='cuda:0'), tensor(0.0218, device='cuda:0'), tensor(0.0221, device='cuda:0'), tensor(0.0215, device='cuda:0'), tensor(0.0220, device='cuda:0'), tensor(0.0215, device='cuda:0'), tensor(0.0216, device='cuda:0'), tensor(0.0217, device='cuda:0'), tensor(0.0219, device='cuda:0'), tensor(0.0212, device='cuda:0'), tensor(0.0218, device='cuda:0'), tensor(0.0218, device='cuda:0'), tensor(0.0217, device='cuda:0'), tensor(0.0211, device='cuda:0'), tensor(0.0210, device='cuda:0'), tensor(0.0219, device='cuda:0'), tensor(0.0218, device='cuda:0'), tensor(0.0213, device='cuda:0'), tensor(0.0211, device='cuda:0'), tensor(0.0210, device='cuda:0'), tensor(0.0209, device='cuda:0'), tensor(0.0219, device='cuda:0'), tensor(0.0211, device='cuda:0'), tensor(0.0210, device='cuda:0'), tensor(0.0209, device='cuda:0'), tensor(0.0212, device='cuda:0'), tensor(0.0223, device='cuda:0'), tensor(0.0218, device='cuda:0'), tensor(0.0215, device='cuda:0'), tensor(0.0208, device='cuda:0'), tensor(0.0223, device='cuda:0'), tensor(0.0222, device='cuda:0'), tensor(0.0213, device='cuda:0'), tensor(0.0216, device='cuda:0'), tensor(0.0221, device='cuda:0'), tensor(0.0221, device='cuda:0'), tensor(0.0217, device='cuda:0'), tensor(0.0217, device='cuda:0'), tensor(0.0214, device='cuda:0'), tensor(0.0209, device='cuda:0'), tensor(0.0215, device='cuda:0'), tensor(0.0217, device='cuda:0'), tensor(0.0221, device='cuda:0'), tensor(0.0210, device='cuda:0'), tensor(0.0219, device='cuda:0'), tensor(0.0222, device='cuda:0'), tensor(0.0210, device='cuda:0'), tensor(0.0218, device='cuda:0'), tensor(0.0213, device='cuda:0'), tensor(0.0213, device='cuda:0'), tensor(0.0217, device='cuda:0'), tensor(0.0210, device='cuda:0'), tensor(0.0210, device='cuda:0'), tensor(0.0211, device='cuda:0'), tensor(0.0217, device='cuda:0'), tensor(0.0223, device='cuda:0'), tensor(0.0212, device='cuda:0'), tensor(0.0215, device='cuda:0'), tensor(0.0222, device='cuda:0'), tensor(0.0221, device='cuda:0'), tensor(0.0212, device='cuda:0'), tensor(0.0212, device='cuda:0'), tensor(0.0209, device='cuda:0'), tensor(0.0215, device='cuda:0'), tensor(0.0222, device='cuda:0'), tensor(0.0220, device='cuda:0'), tensor(0.0217, device='cuda:0'), tensor(0.0210, device='cuda:0'), tensor(0.0216, device='cuda:0'), tensor(0.0215, device='cuda:0'), tensor(0.0212, device='cuda:0'), tensor(0.0210, device='cuda:0'), tensor(0.0217, device='cuda:0'), tensor(0.0221, device='cuda:0'), tensor(0.0215, device='cuda:0'), tensor(0.0210, device='cuda:0'), tensor(0.0212, device='cuda:0'), tensor(0.0212, device='cuda:0'), tensor(0.0215, device='cuda:0'), tensor(0.0209, device='cuda:0'), tensor(0.0223, device='cuda:0'), tensor(0.0213, device='cuda:0'), tensor(0.0217, device='cuda:0'), tensor(0.0208, device='cuda:0'), tensor(0.0210, device='cuda:0'), tensor(0.0211, device='cuda:0'), tensor(0.0212, device='cuda:0'), tensor(0.0223, device='cuda:0'), tensor(0.0209, device='cuda:0'), tensor(0.0219, device='cuda:0'), tensor(0.0214, device='cuda:0'), tensor(0.0217, device='cuda:0'), tensor(0.0215, device='cuda:0'), tensor(0.0219, device='cuda:0'), tensor(0.0217, device='cuda:0'), tensor(0.0217, device='cuda:0'), tensor(0.0211, device='cuda:0'), tensor(0.0214, device='cuda:0'), tensor(0.0211, device='cuda:0'), tensor(0.0212, device='cuda:0')]"
79,"[tensor(0.0209, device='cuda:0'), tensor(0.0211, device='cuda:0'), tensor(0.0219, device='cuda:0'), tensor(0.0212, device='cuda:0'), tensor(0.0210, device='cuda:0'), tensor(0.0218, device='cuda:0'), tensor(0.0209, device='cuda:0'), tensor(0.0211, device='cuda:0'), tensor(0.0211, device='cuda:0'), tensor(0.0218, device='cuda:0'), tensor(0.0212, device='cuda:0'), tensor(0.0212, device='cuda:0'), tensor(0.0212, device='cuda:0'), tensor(0.0218, device='cuda:0'), tensor(0.0219, device='cuda:0'), tensor(0.0222, device='cuda:0'), tensor(0.0214, device='cuda:0'), tensor(0.0221, device='cuda:0'), tensor(0.0216, device='cuda:0'), tensor(0.0211, device='cuda:0'), tensor(0.0218, device='cuda:0'), tensor(0.0212, device='cuda:0'), tensor(0.0218, device='cuda:0'), tensor(0.0218, device='cuda:0'), tensor(0.0218, device='cuda:0'), tensor(0.0219, device='cuda:0'), tensor(0.0220, device='cuda:0'), tensor(0.0211, device='cuda:0'), tensor(0.0212, device='cuda:0'), tensor(0.0218, device='cuda:0'), tensor(0.0220, device='cuda:0'), tensor(0.0224, device='cuda:0'), tensor(0.0220, device='cuda:0'), tensor(0.0214, device='cuda:0'), tensor(0.0211, device='cuda:0'), tensor(0.0211, device='cuda:0'), tensor(0.0219, device='cuda:0'), tensor(0.0210, device='cuda:0'), tensor(0.0217, device='cuda:0'), tensor(0.0216, device='cuda:0'), tensor(0.0209, device='cuda:0'), tensor(0.0210, device='cuda:0'), tensor(0.0224, device='cuda:0'), tensor(0.0219, device='cuda:0'), tensor(0.0221, device='cuda:0'), tensor(0.0221, device='cuda:0'), tensor(0.0218, device='cuda:0'), tensor(0.0210, device='cuda:0'), tensor(0.0210, device='cuda:0'), tensor(0.0212, device='cuda:0'), tensor(0.0212, device='cuda:0'), tensor(0.0212, device='cuda:0'), tensor(0.0218, device='cuda:0'), tensor(0.0217, device='cuda:0'), tensor(0.0220, device='cuda:0'), tensor(0.0220, device='cuda:0'), tensor(0.0218, device='cuda:0'), tensor(0.0211, device='cuda:0'), tensor(0.0219, device='cuda:0'), tensor(0.0219, device='cuda:0'), tensor(0.0219, device='cuda:0'), tensor(0.0216, device='cuda:0'), tensor(0.0216, device='cuda:0'), tensor(0.0210, device='cuda:0'), tensor(0.0224, device='cuda:0'), tensor(0.0218, device='cuda:0'), tensor(0.0212, device='cuda:0'), tensor(0.0217, device='cuda:0'), tensor(0.0211, device='cuda:0'), tensor(0.0211, device='cuda:0'), tensor(0.0217, device='cuda:0'), tensor(0.0210, device='cuda:0'), tensor(0.0211, device='cuda:0'), tensor(0.0219, device='cuda:0'), tensor(0.0214, device='cuda:0'), tensor(0.0217, device='cuda:0'), tensor(0.0218, device='cuda:0'), tensor(0.0220, device='cuda:0'), tensor(0.0210, device='cuda:0'), tensor(0.0218, device='cuda:0'), tensor(0.0220, device='cuda:0'), tensor(0.0217, device='cuda:0'), tensor(0.0212, device='cuda:0'), tensor(0.0214, device='cuda:0'), tensor(0.0215, device='cuda:0'), tensor(0.0217, device='cuda:0'), tensor(0.0220, device='cuda:0'), tensor(0.0220, device='cuda:0'), tensor(0.0213, device='cuda:0'), tensor(0.0222, device='cuda:0'), tensor(0.0210, device='cuda:0'), tensor(0.0211, device='cuda:0'), tensor(0.0209, device='cuda:0'), tensor(0.0222, device='cuda:0'), tensor(0.0210, device='cuda:0'), tensor(0.0210, device='cuda:0'), tensor(0.0218, device='cuda:0'), tensor(0.0211, device='cuda:0'), tensor(0.0217, device='cuda:0'), tensor(0.0219, device='cuda:0')]"
80,"[tensor(0.0216, device='cuda:0'), tensor(0.0218, device='cuda:0'), tensor(0.0221, device='cuda:0'), tensor(0.0215, device='cuda:0'), tensor(0.0220, device='cuda:0'), tensor(0.0215, device='cuda:0'), tensor(0.0216, device='cuda:0'), tensor(0.0217, device='cuda:0'), tensor(0.0219, device='cuda:0'), tensor(0.0212, device='cuda:0'), tensor(0.0218, device='cuda:0'), tensor(0.0218, device='cuda:0'), tensor(0.0217, device='cuda:0'), tensor(0.0211, device='cuda:0'), tensor(0.0210, device='cuda:0'), tensor(0.0219, device='cuda:0'), tensor(0.0218, device='cuda:0'), tensor(0.0213, device='cuda:0'), tensor(0.0211, device='cuda:0'), tensor(0.0210, device='cuda:0'), tensor(0.0210, device='cuda:0'), tensor(0.0219, device='cuda:0'), tensor(0.0211, device='cuda:0'), tensor(0.0211, device='cuda:0'), tensor(0.0210, device='cuda:0'), tensor(0.0212, device='cuda:0'), tensor(0.0223, device='cuda:0'), tensor(0.0218, device='cuda:0'), tensor(0.0215, device='cuda:0'), tensor(0.0209, device='cuda:0'), tensor(0.0223, device='cuda:0'), tensor(0.0222, device='cuda:0'), tensor(0.0213, device='cuda:0'), tensor(0.0216, device='cuda:0'), tensor(0.0221, device='cuda:0'), tensor(0.0221, device='cuda:0'), tensor(0.0217, device='cuda:0'), tensor(0.0217, device='cuda:0'), tensor(0.0214, device='cuda:0'), tensor(0.0209, device='cuda:0'), tensor(0.0215, device='cuda:0'), tensor(0.0217, device='cuda:0'), tensor(0.0221, device='cuda:0'), tensor(0.0210, device='cuda:0'), tensor(0.0219, device='cuda:0'), tensor(0.0222, device='cuda:0'), tensor(0.0210, device='cuda:0'), tensor(0.0217, device='cuda:0'), tensor(0.0213, device='cuda:0'), tensor(0.0213, device='cuda:0'), tensor(0.0217, device='cuda:0'), tensor(0.0210, device='cuda:0'), tensor(0.0210, device='cuda:0'), tensor(0.0212, device='cuda:0'), tensor(0.0217, device='cuda:0'), tensor(0.0222, device='cuda:0'), tensor(0.0213, device='cuda:0'), tensor(0.0216, device='cuda:0'), tensor(0.0222, device='cuda:0'), tensor(0.0221, device='cuda:0'), tensor(0.0212, device='cuda:0'), tensor(0.0212, device='cuda:0'), tensor(0.0210, device='cuda:0'), tensor(0.0215, device='cuda:0'), tensor(0.0222, device='cuda:0'), tensor(0.0220, device='cuda:0'), tensor(0.0218, device='cuda:0'), tensor(0.0210, device='cuda:0'), tensor(0.0215, device='cuda:0'), tensor(0.0215, device='cuda:0'), tensor(0.0212, device='cuda:0'), tensor(0.0214, device='cuda:0'), tensor(0.0217, device='cuda:0'), tensor(0.0221, device='cuda:0'), tensor(0.0216, device='cuda:0'), tensor(0.0210, device='cuda:0'), tensor(0.0212, device='cuda:0'), tensor(0.0212, device='cuda:0'), tensor(0.0215, device='cuda:0'), tensor(0.0210, device='cuda:0'), tensor(0.0224, device='cuda:0'), tensor(0.0213, device='cuda:0'), tensor(0.0218, device='cuda:0'), tensor(0.0209, device='cuda:0'), tensor(0.0210, device='cuda:0'), tensor(0.0211, device='cuda:0'), tensor(0.0212, device='cuda:0'), tensor(0.0223, device='cuda:0'), tensor(0.0210, device='cuda:0'), tensor(0.0219, device='cuda:0'), tensor(0.0215, device='cuda:0'), tensor(0.0217, device='cuda:0'), tensor(0.0215, device='cuda:0'), tensor(0.0219, device='cuda:0'), tensor(0.0217, device='cuda:0'), tensor(0.0217, device='cuda:0'), tensor(0.0212, device='cuda:0'), tensor(0.0214, device='cuda:0'), tensor(0.0211, device='cuda:0'), tensor(0.0212, device='cuda:0')]"
81,"[tensor(0.0209, device='cuda:0'), tensor(0.0212, device='cuda:0'), tensor(0.0218, device='cuda:0'), tensor(0.0212, device='cuda:0'), tensor(0.0210, device='cuda:0'), tensor(0.0218, device='cuda:0'), tensor(0.0210, device='cuda:0'), tensor(0.0212, device='cuda:0'), tensor(0.0211, device='cuda:0'), tensor(0.0218, device='cuda:0'), tensor(0.0212, device='cuda:0'), tensor(0.0212, device='cuda:0'), tensor(0.0212, device='cuda:0'), tensor(0.0218, device='cuda:0'), tensor(0.0219, device='cuda:0'), tensor(0.0222, device='cuda:0'), tensor(0.0214, device='cuda:0'), tensor(0.0221, device='cuda:0'), tensor(0.0216, device='cuda:0'), tensor(0.0213, device='cuda:0'), tensor(0.0218, device='cuda:0'), tensor(0.0212, device='cuda:0'), tensor(0.0218, device='cuda:0'), tensor(0.0219, device='cuda:0'), tensor(0.0217, device='cuda:0'), tensor(0.0219, device='cuda:0'), tensor(0.0220, device='cuda:0'), tensor(0.0211, device='cuda:0'), tensor(0.0212, device='cuda:0'), tensor(0.0218, device='cuda:0'), tensor(0.0220, device='cuda:0'), tensor(0.0224, device='cuda:0'), tensor(0.0220, device='cuda:0'), tensor(0.0214, device='cuda:0'), tensor(0.0211, device='cuda:0'), tensor(0.0211, device='cuda:0'), tensor(0.0220, device='cuda:0'), tensor(0.0210, device='cuda:0'), tensor(0.0217, device='cuda:0'), tensor(0.0217, device='cuda:0'), tensor(0.0210, device='cuda:0'), tensor(0.0210, device='cuda:0'), tensor(0.0224, device='cuda:0'), tensor(0.0219, device='cuda:0'), tensor(0.0222, device='cuda:0'), tensor(0.0221, device='cuda:0'), tensor(0.0218, device='cuda:0'), tensor(0.0210, device='cuda:0'), tensor(0.0211, device='cuda:0'), tensor(0.0212, device='cuda:0'), tensor(0.0212, device='cuda:0'), tensor(0.0212, device='cuda:0'), tensor(0.0218, device='cuda:0'), tensor(0.0217, device='cuda:0'), tensor(0.0220, device='cuda:0'), tensor(0.0220, device='cuda:0'), tensor(0.0218, device='cuda:0'), tensor(0.0211, device='cuda:0'), tensor(0.0219, device='cuda:0'), tensor(0.0219, device='cuda:0'), tensor(0.0219, device='cuda:0'), tensor(0.0216, device='cuda:0'), tensor(0.0217, device='cuda:0'), tensor(0.0210, device='cuda:0'), tensor(0.0224, device='cuda:0'), tensor(0.0218, device='cuda:0'), tensor(0.0212, device='cuda:0'), tensor(0.0217, device='cuda:0'), tensor(0.0211, device='cuda:0'), tensor(0.0211, device='cuda:0'), tensor(0.0217, device='cuda:0'), tensor(0.0210, device='cuda:0'), tensor(0.0211, device='cuda:0'), tensor(0.0219, device='cuda:0'), tensor(0.0214, device='cuda:0'), tensor(0.0217, device='cuda:0'), tensor(0.0218, device='cuda:0'), tensor(0.0220, device='cuda:0'), tensor(0.0210, device='cuda:0'), tensor(0.0219, device='cuda:0'), tensor(0.0220, device='cuda:0'), tensor(0.0217, device='cuda:0'), tensor(0.0213, device='cuda:0'), tensor(0.0214, device='cuda:0'), tensor(0.0213, device='cuda:0'), tensor(0.0217, device='cuda:0'), tensor(0.0219, device='cuda:0'), tensor(0.0220, device='cuda:0'), tensor(0.0213, device='cuda:0'), tensor(0.0222, device='cuda:0'), tensor(0.0211, device='cuda:0'), tensor(0.0212, device='cuda:0'), tensor(0.0209, device='cuda:0'), tensor(0.0222, device='cuda:0'), tensor(0.0210, device='cuda:0'), tensor(0.0210, device='cuda:0'), tensor(0.0218, device='cuda:0'), tensor(0.0212, device='cuda:0'), tensor(0.0217, device='cuda:0'), tensor(0.0219, device='cuda:0')]"
82,"[tensor(0.0215, device='cuda:0'), tensor(0.0218, device='cuda:0'), tensor(0.0222, device='cuda:0'), tensor(0.0215, device='cuda:0'), tensor(0.0220, device='cuda:0'), tensor(0.0215, device='cuda:0'), tensor(0.0216, device='cuda:0'), tensor(0.0217, device='cuda:0'), tensor(0.0219, device='cuda:0'), tensor(0.0212, device='cuda:0'), tensor(0.0218, device='cuda:0'), tensor(0.0219, device='cuda:0'), tensor(0.0217, device='cuda:0'), tensor(0.0211, device='cuda:0'), tensor(0.0210, device='cuda:0'), tensor(0.0219, device='cuda:0'), tensor(0.0218, device='cuda:0'), tensor(0.0213, device='cuda:0'), tensor(0.0211, device='cuda:0'), tensor(0.0211, device='cuda:0'), tensor(0.0210, device='cuda:0'), tensor(0.0219, device='cuda:0'), tensor(0.0211, device='cuda:0'), tensor(0.0211, device='cuda:0'), tensor(0.0210, device='cuda:0'), tensor(0.0213, device='cuda:0'), tensor(0.0223, device='cuda:0'), tensor(0.0218, device='cuda:0'), tensor(0.0215, device='cuda:0'), tensor(0.0209, device='cuda:0'), tensor(0.0223, device='cuda:0'), tensor(0.0223, device='cuda:0'), tensor(0.0213, device='cuda:0'), tensor(0.0215, device='cuda:0'), tensor(0.0221, device='cuda:0'), tensor(0.0221, device='cuda:0'), tensor(0.0217, device='cuda:0'), tensor(0.0217, device='cuda:0'), tensor(0.0214, device='cuda:0'), tensor(0.0209, device='cuda:0'), tensor(0.0215, device='cuda:0'), tensor(0.0217, device='cuda:0'), tensor(0.0221, device='cuda:0'), tensor(0.0211, device='cuda:0'), tensor(0.0219, device='cuda:0'), tensor(0.0222, device='cuda:0'), tensor(0.0210, device='cuda:0'), tensor(0.0218, device='cuda:0'), tensor(0.0213, device='cuda:0'), tensor(0.0213, device='cuda:0'), tensor(0.0216, device='cuda:0'), tensor(0.0210, device='cuda:0'), tensor(0.0210, device='cuda:0'), tensor(0.0212, device='cuda:0'), tensor(0.0217, device='cuda:0'), tensor(0.0223, device='cuda:0'), tensor(0.0213, device='cuda:0'), tensor(0.0215, device='cuda:0'), tensor(0.0222, device='cuda:0'), tensor(0.0221, device='cuda:0'), tensor(0.0212, device='cuda:0'), tensor(0.0212, device='cuda:0'), tensor(0.0210, device='cuda:0'), tensor(0.0215, device='cuda:0'), tensor(0.0222, device='cuda:0'), tensor(0.0221, device='cuda:0'), tensor(0.0217, device='cuda:0'), tensor(0.0210, device='cuda:0'), tensor(0.0215, device='cuda:0'), tensor(0.0215, device='cuda:0'), tensor(0.0212, device='cuda:0'), tensor(0.0217, device='cuda:0'), tensor(0.0216, device='cuda:0'), tensor(0.0222, device='cuda:0'), tensor(0.0215, device='cuda:0'), tensor(0.0210, device='cuda:0'), tensor(0.0212, device='cuda:0'), tensor(0.0212, device='cuda:0'), tensor(0.0215, device='cuda:0'), tensor(0.0210, device='cuda:0'), tensor(0.0223, device='cuda:0'), tensor(0.0213, device='cuda:0'), tensor(0.0217, device='cuda:0'), tensor(0.0209, device='cuda:0'), tensor(0.0210, device='cuda:0'), tensor(0.0211, device='cuda:0'), tensor(0.0212, device='cuda:0'), tensor(0.0223, device='cuda:0'), tensor(0.0210, device='cuda:0'), tensor(0.0220, device='cuda:0'), tensor(0.0214, device='cuda:0'), tensor(0.0217, device='cuda:0'), tensor(0.0215, device='cuda:0'), tensor(0.0219, device='cuda:0'), tensor(0.0217, device='cuda:0'), tensor(0.0218, device='cuda:0'), tensor(0.0212, device='cuda:0'), tensor(0.0214, device='cuda:0'), tensor(0.0211, device='cuda:0'), tensor(0.0212, device='cuda:0')]"
83,"[tensor(0.0209, device='cuda:0'), tensor(0.0212, device='cuda:0'), tensor(0.0219, device='cuda:0'), tensor(0.0212, device='cuda:0'), tensor(0.0210, device='cuda:0'), tensor(0.0218, device='cuda:0'), tensor(0.0210, device='cuda:0'), tensor(0.0212, device='cuda:0'), tensor(0.0211, device='cuda:0'), tensor(0.0218, device='cuda:0'), tensor(0.0212, device='cuda:0'), tensor(0.0212, device='cuda:0'), tensor(0.0213, device='cuda:0'), tensor(0.0218, device='cuda:0'), tensor(0.0219, device='cuda:0'), tensor(0.0222, device='cuda:0'), tensor(0.0214, device='cuda:0'), tensor(0.0221, device='cuda:0'), tensor(0.0216, device='cuda:0'), tensor(0.0216, device='cuda:0'), tensor(0.0218, device='cuda:0'), tensor(0.0212, device='cuda:0'), tensor(0.0218, device='cuda:0'), tensor(0.0219, device='cuda:0'), tensor(0.0217, device='cuda:0'), tensor(0.0219, device='cuda:0'), tensor(0.0220, device='cuda:0'), tensor(0.0211, device='cuda:0'), tensor(0.0212, device='cuda:0'), tensor(0.0218, device='cuda:0'), tensor(0.0220, device='cuda:0'), tensor(0.0223, device='cuda:0'), tensor(0.0219, device='cuda:0'), tensor(0.0214, device='cuda:0'), tensor(0.0211, device='cuda:0'), tensor(0.0211, device='cuda:0'), tensor(0.0220, device='cuda:0'), tensor(0.0210, device='cuda:0'), tensor(0.0217, device='cuda:0'), tensor(0.0217, device='cuda:0'), tensor(0.0210, device='cuda:0'), tensor(0.0210, device='cuda:0'), tensor(0.0224, device='cuda:0'), tensor(0.0219, device='cuda:0'), tensor(0.0222, device='cuda:0'), tensor(0.0221, device='cuda:0'), tensor(0.0218, device='cuda:0'), tensor(0.0210, device='cuda:0'), tensor(0.0211, device='cuda:0'), tensor(0.0212, device='cuda:0'), tensor(0.0212, device='cuda:0'), tensor(0.0212, device='cuda:0'), tensor(0.0218, device='cuda:0'), tensor(0.0217, device='cuda:0'), tensor(0.0220, device='cuda:0'), tensor(0.0220, device='cuda:0'), tensor(0.0217, device='cuda:0'), tensor(0.0211, device='cuda:0'), tensor(0.0220, device='cuda:0'), tensor(0.0219, device='cuda:0'), tensor(0.0219, device='cuda:0'), tensor(0.0216, device='cuda:0'), tensor(0.0217, device='cuda:0'), tensor(0.0211, device='cuda:0'), tensor(0.0225, device='cuda:0'), tensor(0.0218, device='cuda:0'), tensor(0.0212, device='cuda:0'), tensor(0.0218, device='cuda:0'), tensor(0.0211, device='cuda:0'), tensor(0.0211, device='cuda:0'), tensor(0.0217, device='cuda:0'), tensor(0.0210, device='cuda:0'), tensor(0.0212, device='cuda:0'), tensor(0.0219, device='cuda:0'), tensor(0.0214, device='cuda:0'), tensor(0.0217, device='cuda:0'), tensor(0.0218, device='cuda:0'), tensor(0.0220, device='cuda:0'), tensor(0.0210, device='cuda:0'), tensor(0.0218, device='cuda:0'), tensor(0.0220, device='cuda:0'), tensor(0.0218, device='cuda:0'), tensor(0.0213, device='cuda:0'), tensor(0.0214, device='cuda:0'), tensor(0.0213, device='cuda:0'), tensor(0.0216, device='cuda:0'), tensor(0.0219, device='cuda:0'), tensor(0.0220, device='cuda:0'), tensor(0.0213, device='cuda:0'), tensor(0.0222, device='cuda:0'), tensor(0.0210, device='cuda:0'), tensor(0.0212, device='cuda:0'), tensor(0.0209, device='cuda:0'), tensor(0.0222, device='cuda:0'), tensor(0.0210, device='cuda:0'), tensor(0.0210, device='cuda:0'), tensor(0.0218, device='cuda:0'), tensor(0.0212, device='cuda:0'), tensor(0.0217, device='cuda:0'), tensor(0.0219, device='cuda:0')]"
84,"[tensor(0.0215, device='cuda:0'), tensor(0.0218, device='cuda:0'), tensor(0.0222, device='cuda:0'), tensor(0.0215, device='cuda:0'), tensor(0.0220, device='cuda:0'), tensor(0.0215, device='cuda:0'), tensor(0.0216, device='cuda:0'), tensor(0.0216, device='cuda:0'), tensor(0.0219, device='cuda:0'), tensor(0.0213, device='cuda:0'), tensor(0.0218, device='cuda:0'), tensor(0.0218, device='cuda:0'), tensor(0.0217, device='cuda:0'), tensor(0.0211, device='cuda:0'), tensor(0.0210, device='cuda:0'), tensor(0.0220, device='cuda:0'), tensor(0.0218, device='cuda:0'), tensor(0.0214, device='cuda:0'), tensor(0.0211, device='cuda:0'), tensor(0.0213, device='cuda:0'), tensor(0.0210, device='cuda:0'), tensor(0.0219, device='cuda:0'), tensor(0.0212, device='cuda:0'), tensor(0.0211, device='cuda:0'), tensor(0.0210, device='cuda:0'), tensor(0.0213, device='cuda:0'), tensor(0.0223, device='cuda:0'), tensor(0.0218, device='cuda:0'), tensor(0.0215, device='cuda:0'), tensor(0.0209, device='cuda:0'), tensor(0.0223, device='cuda:0'), tensor(0.0225, device='cuda:0'), tensor(0.0213, device='cuda:0'), tensor(0.0214, device='cuda:0'), tensor(0.0222, device='cuda:0'), tensor(0.0221, device='cuda:0'), tensor(0.0217, device='cuda:0'), tensor(0.0217, device='cuda:0'), tensor(0.0214, device='cuda:0'), tensor(0.0209, device='cuda:0'), tensor(0.0215, device='cuda:0'), tensor(0.0218, device='cuda:0'), tensor(0.0221, device='cuda:0'), tensor(0.0211, device='cuda:0'), tensor(0.0219, device='cuda:0'), tensor(0.0222, device='cuda:0'), tensor(0.0211, device='cuda:0'), tensor(0.0217, device='cuda:0'), tensor(0.0213, device='cuda:0'), tensor(0.0214, device='cuda:0'), tensor(0.0217, device='cuda:0'), tensor(0.0211, device='cuda:0'), tensor(0.0210, device='cuda:0'), tensor(0.0212, device='cuda:0'), tensor(0.0217, device='cuda:0'), tensor(0.0223, device='cuda:0'), tensor(0.0213, device='cuda:0'), tensor(0.0215, device='cuda:0'), tensor(0.0223, device='cuda:0'), tensor(0.0222, device='cuda:0'), tensor(0.0212, device='cuda:0'), tensor(0.0212, device='cuda:0'), tensor(0.0210, device='cuda:0'), tensor(0.0216, device='cuda:0'), tensor(0.0222, device='cuda:0'), tensor(0.0221, device='cuda:0'), tensor(0.0218, device='cuda:0'), tensor(0.0210, device='cuda:0'), tensor(0.0215, device='cuda:0'), tensor(0.0216, device='cuda:0'), tensor(0.0212, device='cuda:0'), tensor(0.0218, device='cuda:0'), tensor(0.0216, device='cuda:0'), tensor(0.0221, device='cuda:0'), tensor(0.0216, device='cuda:0'), tensor(0.0210, device='cuda:0'), tensor(0.0212, device='cuda:0'), tensor(0.0212, device='cuda:0'), tensor(0.0215, device='cuda:0'), tensor(0.0210, device='cuda:0'), tensor(0.0223, device='cuda:0'), tensor(0.0213, device='cuda:0'), tensor(0.0218, device='cuda:0'), tensor(0.0209, device='cuda:0'), tensor(0.0210, device='cuda:0'), tensor(0.0211, device='cuda:0'), tensor(0.0212, device='cuda:0'), tensor(0.0223, device='cuda:0'), tensor(0.0210, device='cuda:0'), tensor(0.0220, device='cuda:0'), tensor(0.0214, device='cuda:0'), tensor(0.0217, device='cuda:0'), tensor(0.0215, device='cuda:0'), tensor(0.0219, device='cuda:0'), tensor(0.0217, device='cuda:0'), tensor(0.0218, device='cuda:0'), tensor(0.0212, device='cuda:0'), tensor(0.0215, device='cuda:0'), tensor(0.0211, device='cuda:0'), tensor(0.0212, device='cuda:0')]"
85,"[tensor(0.0209, device='cuda:0'), tensor(0.0212, device='cuda:0'), tensor(0.0219, device='cuda:0'), tensor(0.0212, device='cuda:0'), tensor(0.0211, device='cuda:0'), tensor(0.0218, device='cuda:0'), tensor(0.0210, device='cuda:0'), tensor(0.0212, device='cuda:0'), tensor(0.0211, device='cuda:0'), tensor(0.0218, device='cuda:0'), tensor(0.0212, device='cuda:0'), tensor(0.0212, device='cuda:0'), tensor(0.0213, device='cuda:0'), tensor(0.0218, device='cuda:0'), tensor(0.0219, device='cuda:0'), tensor(0.0222, device='cuda:0'), tensor(0.0214, device='cuda:0'), tensor(0.0221, device='cuda:0'), tensor(0.0216, device='cuda:0'), tensor(0.0217, device='cuda:0'), tensor(0.0218, device='cuda:0'), tensor(0.0213, device='cuda:0'), tensor(0.0218, device='cuda:0'), tensor(0.0219, device='cuda:0'), tensor(0.0217, device='cuda:0'), tensor(0.0219, device='cuda:0'), tensor(0.0220, device='cuda:0'), tensor(0.0212, device='cuda:0'), tensor(0.0213, device='cuda:0'), tensor(0.0218, device='cuda:0'), tensor(0.0220, device='cuda:0'), tensor(0.0222, device='cuda:0'), tensor(0.0220, device='cuda:0'), tensor(0.0214, device='cuda:0'), tensor(0.0212, device='cuda:0'), tensor(0.0211, device='cuda:0'), tensor(0.0220, device='cuda:0'), tensor(0.0211, device='cuda:0'), tensor(0.0217, device='cuda:0'), tensor(0.0217, device='cuda:0'), tensor(0.0210, device='cuda:0'), tensor(0.0210, device='cuda:0'), tensor(0.0224, device='cuda:0'), tensor(0.0220, device='cuda:0'), tensor(0.0222, device='cuda:0'), tensor(0.0221, device='cuda:0'), tensor(0.0218, device='cuda:0'), tensor(0.0210, device='cuda:0'), tensor(0.0211, device='cuda:0'), tensor(0.0212, device='cuda:0'), tensor(0.0213, device='cuda:0'), tensor(0.0212, device='cuda:0'), tensor(0.0218, device='cuda:0'), tensor(0.0218, device='cuda:0'), tensor(0.0220, device='cuda:0'), tensor(0.0220, device='cuda:0'), tensor(0.0218, device='cuda:0'), tensor(0.0212, device='cuda:0'), tensor(0.0220, device='cuda:0'), tensor(0.0219, device='cuda:0'), tensor(0.0219, device='cuda:0'), tensor(0.0216, device='cuda:0'), tensor(0.0217, device='cuda:0'), tensor(0.0211, device='cuda:0'), tensor(0.0225, device='cuda:0'), tensor(0.0218, device='cuda:0'), tensor(0.0213, device='cuda:0'), tensor(0.0218, device='cuda:0'), tensor(0.0211, device='cuda:0'), tensor(0.0211, device='cuda:0'), tensor(0.0217, device='cuda:0'), tensor(0.0211, device='cuda:0'), tensor(0.0212, device='cuda:0'), tensor(0.0219, device='cuda:0'), tensor(0.0214, device='cuda:0'), tensor(0.0217, device='cuda:0'), tensor(0.0218, device='cuda:0'), tensor(0.0220, device='cuda:0'), tensor(0.0211, device='cuda:0'), tensor(0.0219, device='cuda:0'), tensor(0.0222, device='cuda:0'), tensor(0.0217, device='cuda:0'), tensor(0.0213, device='cuda:0'), tensor(0.0214, device='cuda:0'), tensor(0.0212, device='cuda:0'), tensor(0.0216, device='cuda:0'), tensor(0.0219, device='cuda:0'), tensor(0.0220, device='cuda:0'), tensor(0.0213, device='cuda:0'), tensor(0.0222, device='cuda:0'), tensor(0.0211, device='cuda:0'), tensor(0.0212, device='cuda:0'), tensor(0.0210, device='cuda:0'), tensor(0.0222, device='cuda:0'), tensor(0.0211, device='cuda:0'), tensor(0.0210, device='cuda:0'), tensor(0.0218, device='cuda:0'), tensor(0.0212, device='cuda:0'), tensor(0.0217, device='cuda:0'), tensor(0.0219, device='cuda:0')]"
86,"[tensor(0.0215, device='cuda:0'), tensor(0.0218, device='cuda:0'), tensor(0.0222, device='cuda:0'), tensor(0.0214, device='cuda:0'), tensor(0.0220, device='cuda:0'), tensor(0.0215, device='cuda:0'), tensor(0.0216, device='cuda:0'), tensor(0.0216, device='cuda:0'), tensor(0.0219, device='cuda:0'), tensor(0.0213, device='cuda:0'), tensor(0.0218, device='cuda:0'), tensor(0.0219, device='cuda:0'), tensor(0.0216, device='cuda:0'), tensor(0.0211, device='cuda:0'), tensor(0.0211, device='cuda:0'), tensor(0.0219, device='cuda:0'), tensor(0.0218, device='cuda:0'), tensor(0.0214, device='cuda:0'), tensor(0.0212, device='cuda:0'), tensor(0.0213, device='cuda:0'), tensor(0.0210, device='cuda:0'), tensor(0.0219, device='cuda:0'), tensor(0.0212, device='cuda:0'), tensor(0.0211, device='cuda:0'), tensor(0.0210, device='cuda:0'), tensor(0.0213, device='cuda:0'), tensor(0.0223, device='cuda:0'), tensor(0.0218, device='cuda:0'), tensor(0.0215, device='cuda:0'), tensor(0.0209, device='cuda:0'), tensor(0.0223, device='cuda:0'), tensor(0.0225, device='cuda:0'), tensor(0.0213, device='cuda:0'), tensor(0.0214, device='cuda:0'), tensor(0.0221, device='cuda:0'), tensor(0.0221, device='cuda:0'), tensor(0.0217, device='cuda:0'), tensor(0.0217, device='cuda:0'), tensor(0.0215, device='cuda:0'), tensor(0.0210, device='cuda:0'), tensor(0.0216, device='cuda:0'), tensor(0.0217, device='cuda:0'), tensor(0.0221, device='cuda:0'), tensor(0.0211, device='cuda:0'), tensor(0.0219, device='cuda:0'), tensor(0.0223, device='cuda:0'), tensor(0.0211, device='cuda:0'), tensor(0.0218, device='cuda:0'), tensor(0.0213, device='cuda:0'), tensor(0.0213, device='cuda:0'), tensor(0.0217, device='cuda:0'), tensor(0.0211, device='cuda:0'), tensor(0.0210, device='cuda:0'), tensor(0.0212, device='cuda:0'), tensor(0.0217, device='cuda:0'), tensor(0.0223, device='cuda:0'), tensor(0.0213, device='cuda:0'), tensor(0.0215, device='cuda:0'), tensor(0.0223, device='cuda:0'), tensor(0.0222, device='cuda:0'), tensor(0.0213, device='cuda:0'), tensor(0.0212, device='cuda:0'), tensor(0.0210, device='cuda:0'), tensor(0.0216, device='cuda:0'), tensor(0.0222, device='cuda:0'), tensor(0.0221, device='cuda:0'), tensor(0.0217, device='cuda:0'), tensor(0.0211, device='cuda:0'), tensor(0.0215, device='cuda:0'), tensor(0.0215, device='cuda:0'), tensor(0.0212, device='cuda:0'), tensor(0.0218, device='cuda:0'), tensor(0.0216, device='cuda:0'), tensor(0.0222, device='cuda:0'), tensor(0.0215, device='cuda:0'), tensor(0.0210, device='cuda:0'), tensor(0.0212, device='cuda:0'), tensor(0.0213, device='cuda:0'), tensor(0.0215, device='cuda:0'), tensor(0.0210, device='cuda:0'), tensor(0.0225, device='cuda:0'), tensor(0.0213, device='cuda:0'), tensor(0.0218, device='cuda:0'), tensor(0.0209, device='cuda:0'), tensor(0.0210, device='cuda:0'), tensor(0.0212, device='cuda:0'), tensor(0.0212, device='cuda:0'), tensor(0.0223, device='cuda:0'), tensor(0.0210, device='cuda:0'), tensor(0.0220, device='cuda:0'), tensor(0.0214, device='cuda:0'), tensor(0.0217, device='cuda:0'), tensor(0.0215, device='cuda:0'), tensor(0.0219, device='cuda:0'), tensor(0.0217, device='cuda:0'), tensor(0.0217, device='cuda:0'), tensor(0.0212, device='cuda:0'), tensor(0.0215, device='cuda:0'), tensor(0.0211, device='cuda:0'), tensor(0.0213, device='cuda:0')]"
87,"[tensor(0.0209, device='cuda:0'), tensor(0.0212, device='cuda:0'), tensor(0.0220, device='cuda:0'), tensor(0.0212, device='cuda:0'), tensor(0.0211, device='cuda:0'), tensor(0.0218, device='cuda:0'), tensor(0.0210, device='cuda:0'), tensor(0.0212, device='cuda:0'), tensor(0.0212, device='cuda:0'), tensor(0.0218, device='cuda:0'), tensor(0.0212, device='cuda:0'), tensor(0.0212, device='cuda:0'), tensor(0.0213, device='cuda:0'), tensor(0.0218, device='cuda:0'), tensor(0.0219, device='cuda:0'), tensor(0.0222, device='cuda:0'), tensor(0.0214, device='cuda:0'), tensor(0.0220, device='cuda:0'), tensor(0.0216, device='cuda:0'), tensor(0.0217, device='cuda:0'), tensor(0.0218, device='cuda:0'), tensor(0.0213, device='cuda:0'), tensor(0.0218, device='cuda:0'), tensor(0.0219, device='cuda:0'), tensor(0.0217, device='cuda:0'), tensor(0.0220, device='cuda:0'), tensor(0.0220, device='cuda:0'), tensor(0.0212, device='cuda:0'), tensor(0.0212, device='cuda:0'), tensor(0.0218, device='cuda:0'), tensor(0.0220, device='cuda:0'), tensor(0.0222, device='cuda:0'), tensor(0.0220, device='cuda:0'), tensor(0.0215, device='cuda:0'), tensor(0.0212, device='cuda:0'), tensor(0.0211, device='cuda:0'), tensor(0.0220, device='cuda:0'), tensor(0.0211, device='cuda:0'), tensor(0.0217, device='cuda:0'), tensor(0.0217, device='cuda:0'), tensor(0.0210, device='cuda:0'), tensor(0.0210, device='cuda:0'), tensor(0.0224, device='cuda:0'), tensor(0.0219, device='cuda:0'), tensor(0.0222, device='cuda:0'), tensor(0.0221, device='cuda:0'), tensor(0.0218, device='cuda:0'), tensor(0.0211, device='cuda:0'), tensor(0.0211, device='cuda:0'), tensor(0.0213, device='cuda:0'), tensor(0.0213, device='cuda:0'), tensor(0.0212, device='cuda:0'), tensor(0.0218, device='cuda:0'), tensor(0.0216, device='cuda:0'), tensor(0.0220, device='cuda:0'), tensor(0.0220, device='cuda:0'), tensor(0.0218, device='cuda:0'), tensor(0.0212, device='cuda:0'), tensor(0.0220, device='cuda:0'), tensor(0.0219, device='cuda:0'), tensor(0.0218, device='cuda:0'), tensor(0.0216, device='cuda:0'), tensor(0.0217, device='cuda:0'), tensor(0.0211, device='cuda:0'), tensor(0.0222, device='cuda:0'), tensor(0.0218, device='cuda:0'), tensor(0.0213, device='cuda:0'), tensor(0.0217, device='cuda:0'), tensor(0.0211, device='cuda:0'), tensor(0.0211, device='cuda:0'), tensor(0.0217, device='cuda:0'), tensor(0.0211, device='cuda:0'), tensor(0.0212, device='cuda:0'), tensor(0.0219, device='cuda:0'), tensor(0.0214, device='cuda:0'), tensor(0.0217, device='cuda:0'), tensor(0.0218, device='cuda:0'), tensor(0.0220, device='cuda:0'), tensor(0.0211, device='cuda:0'), tensor(0.0219, device='cuda:0'), tensor(0.0222, device='cuda:0'), tensor(0.0217, device='cuda:0'), tensor(0.0213, device='cuda:0'), tensor(0.0213, device='cuda:0'), tensor(0.0212, device='cuda:0'), tensor(0.0217, device='cuda:0'), tensor(0.0219, device='cuda:0'), tensor(0.0220, device='cuda:0'), tensor(0.0213, device='cuda:0'), tensor(0.0222, device='cuda:0'), tensor(0.0211, device='cuda:0'), tensor(0.0212, device='cuda:0'), tensor(0.0210, device='cuda:0'), tensor(0.0222, device='cuda:0'), tensor(0.0211, device='cuda:0'), tensor(0.0210, device='cuda:0'), tensor(0.0218, device='cuda:0'), tensor(0.0212, device='cuda:0'), tensor(0.0217, device='cuda:0'), tensor(0.0219, device='cuda:0')]"
88,"[tensor(0.0215, device='cuda:0'), tensor(0.0218, device='cuda:0'), tensor(0.0222, device='cuda:0'), tensor(0.0214, device='cuda:0'), tensor(0.0220, device='cuda:0'), tensor(0.0216, device='cuda:0'), tensor(0.0216, device='cuda:0'), tensor(0.0216, device='cuda:0'), tensor(0.0219, device='cuda:0'), tensor(0.0213, device='cuda:0'), tensor(0.0218, device='cuda:0'), tensor(0.0219, device='cuda:0'), tensor(0.0217, device='cuda:0'), tensor(0.0212, device='cuda:0'), tensor(0.0210, device='cuda:0'), tensor(0.0219, device='cuda:0'), tensor(0.0218, device='cuda:0'), tensor(0.0214, device='cuda:0'), tensor(0.0211, device='cuda:0'), tensor(0.0213, device='cuda:0'), tensor(0.0210, device='cuda:0'), tensor(0.0219, device='cuda:0'), tensor(0.0212, device='cuda:0'), tensor(0.0211, device='cuda:0'), tensor(0.0210, device='cuda:0'), tensor(0.0213, device='cuda:0'), tensor(0.0223, device='cuda:0'), tensor(0.0217, device='cuda:0'), tensor(0.0215, device='cuda:0'), tensor(0.0209, device='cuda:0'), tensor(0.0223, device='cuda:0'), tensor(0.0225, device='cuda:0'), tensor(0.0213, device='cuda:0'), tensor(0.0214, device='cuda:0'), tensor(0.0222, device='cuda:0'), tensor(0.0221, device='cuda:0'), tensor(0.0219, device='cuda:0'), tensor(0.0217, device='cuda:0'), tensor(0.0215, device='cuda:0'), tensor(0.0210, device='cuda:0'), tensor(0.0216, device='cuda:0'), tensor(0.0217, device='cuda:0'), tensor(0.0221, device='cuda:0'), tensor(0.0211, device='cuda:0'), tensor(0.0219, device='cuda:0'), tensor(0.0223, device='cuda:0'), tensor(0.0211, device='cuda:0'), tensor(0.0218, device='cuda:0'), tensor(0.0213, device='cuda:0'), tensor(0.0214, device='cuda:0'), tensor(0.0216, device='cuda:0'), tensor(0.0211, device='cuda:0'), tensor(0.0211, device='cuda:0'), tensor(0.0212, device='cuda:0'), tensor(0.0217, device='cuda:0'), tensor(0.0223, device='cuda:0'), tensor(0.0213, device='cuda:0'), tensor(0.0214, device='cuda:0'), tensor(0.0222, device='cuda:0'), tensor(0.0222, device='cuda:0'), tensor(0.0212, device='cuda:0'), tensor(0.0212, device='cuda:0'), tensor(0.0210, device='cuda:0'), tensor(0.0216, device='cuda:0'), tensor(0.0224, device='cuda:0'), tensor(0.0221, device='cuda:0'), tensor(0.0218, device='cuda:0'), tensor(0.0211, device='cuda:0'), tensor(0.0216, device='cuda:0'), tensor(0.0215, device='cuda:0'), tensor(0.0212, device='cuda:0'), tensor(0.0217, device='cuda:0'), tensor(0.0216, device='cuda:0'), tensor(0.0222, device='cuda:0'), tensor(0.0215, device='cuda:0'), tensor(0.0210, device='cuda:0'), tensor(0.0213, device='cuda:0'), tensor(0.0213, device='cuda:0'), tensor(0.0215, device='cuda:0'), tensor(0.0210, device='cuda:0'), tensor(0.0225, device='cuda:0'), tensor(0.0214, device='cuda:0'), tensor(0.0217, device='cuda:0'), tensor(0.0209, device='cuda:0'), tensor(0.0210, device='cuda:0'), tensor(0.0212, device='cuda:0'), tensor(0.0213, device='cuda:0'), tensor(0.0223, device='cuda:0'), tensor(0.0210, device='cuda:0'), tensor(0.0220, device='cuda:0'), tensor(0.0214, device='cuda:0'), tensor(0.0217, device='cuda:0'), tensor(0.0215, device='cuda:0'), tensor(0.0219, device='cuda:0'), tensor(0.0217, device='cuda:0'), tensor(0.0217, device='cuda:0'), tensor(0.0212, device='cuda:0'), tensor(0.0215, device='cuda:0'), tensor(0.0212, device='cuda:0'), tensor(0.0213, device='cuda:0')]"
89,"[tensor(0.0209, device='cuda:0'), tensor(0.0212, device='cuda:0'), tensor(0.0220, device='cuda:0'), tensor(0.0213, device='cuda:0'), tensor(0.0211, device='cuda:0'), tensor(0.0218, device='cuda:0'), tensor(0.0210, device='cuda:0'), tensor(0.0212, device='cuda:0'), tensor(0.0212, device='cuda:0'), tensor(0.0218, device='cuda:0'), tensor(0.0212, device='cuda:0'), tensor(0.0212, device='cuda:0'), tensor(0.0213, device='cuda:0'), tensor(0.0218, device='cuda:0'), tensor(0.0218, device='cuda:0'), tensor(0.0222, device='cuda:0'), tensor(0.0215, device='cuda:0'), tensor(0.0221, device='cuda:0'), tensor(0.0216, device='cuda:0'), tensor(0.0217, device='cuda:0'), tensor(0.0217, device='cuda:0'), tensor(0.0213, device='cuda:0'), tensor(0.0218, device='cuda:0'), tensor(0.0218, device='cuda:0'), tensor(0.0217, device='cuda:0'), tensor(0.0220, device='cuda:0'), tensor(0.0220, device='cuda:0'), tensor(0.0212, device='cuda:0'), tensor(0.0213, device='cuda:0'), tensor(0.0218, device='cuda:0'), tensor(0.0221, device='cuda:0'), tensor(0.0222, device='cuda:0'), tensor(0.0220, device='cuda:0'), tensor(0.0220, device='cuda:0'), tensor(0.0212, device='cuda:0'), tensor(0.0211, device='cuda:0'), tensor(0.0221, device='cuda:0'), tensor(0.0211, device='cuda:0'), tensor(0.0217, device='cuda:0'), tensor(0.0217, device='cuda:0'), tensor(0.0210, device='cuda:0'), tensor(0.0210, device='cuda:0'), tensor(0.0224, device='cuda:0'), tensor(0.0219, device='cuda:0'), tensor(0.0222, device='cuda:0'), tensor(0.0221, device='cuda:0'), tensor(0.0218, device='cuda:0'), tensor(0.0211, device='cuda:0'), tensor(0.0211, device='cuda:0'), tensor(0.0213, device='cuda:0'), tensor(0.0213, device='cuda:0'), tensor(0.0212, device='cuda:0'), tensor(0.0219, device='cuda:0'), tensor(0.0217, device='cuda:0'), tensor(0.0220, device='cuda:0'), tensor(0.0221, device='cuda:0'), tensor(0.0218, device='cuda:0'), tensor(0.0212, device='cuda:0'), tensor(0.0220, device='cuda:0'), tensor(0.0220, device='cuda:0'), tensor(0.0219, device='cuda:0'), tensor(0.0215, device='cuda:0'), tensor(0.0217, device='cuda:0'), tensor(0.0211, device='cuda:0'), tensor(0.0222, device='cuda:0'), tensor(0.0218, device='cuda:0'), tensor(0.0213, device='cuda:0'), tensor(0.0217, device='cuda:0'), tensor(0.0211, device='cuda:0'), tensor(0.0211, device='cuda:0'), tensor(0.0217, device='cuda:0'), tensor(0.0211, device='cuda:0'), tensor(0.0212, device='cuda:0'), tensor(0.0219, device='cuda:0'), tensor(0.0215, device='cuda:0'), tensor(0.0217, device='cuda:0'), tensor(0.0218, device='cuda:0'), tensor(0.0220, device='cuda:0'), tensor(0.0211, device='cuda:0'), tensor(0.0219, device='cuda:0'), tensor(0.0222, device='cuda:0'), tensor(0.0217, device='cuda:0'), tensor(0.0213, device='cuda:0'), tensor(0.0213, device='cuda:0'), tensor(0.0211, device='cuda:0'), tensor(0.0217, device='cuda:0'), tensor(0.0219, device='cuda:0'), tensor(0.0220, device='cuda:0'), tensor(0.0213, device='cuda:0'), tensor(0.0223, device='cuda:0'), tensor(0.0211, device='cuda:0'), tensor(0.0213, device='cuda:0'), tensor(0.0210, device='cuda:0'), tensor(0.0222, device='cuda:0'), tensor(0.0211, device='cuda:0'), tensor(0.0210, device='cuda:0'), tensor(0.0218, device='cuda:0'), tensor(0.0212, device='cuda:0'), tensor(0.0217, device='cuda:0'), tensor(0.0219, device='cuda:0')]"
90,"[tensor(0.0215, device='cuda:0'), tensor(0.0218, device='cuda:0'), tensor(0.0223, device='cuda:0'), tensor(0.0214, device='cuda:0'), tensor(0.0220, device='cuda:0'), tensor(0.0216, device='cuda:0'), tensor(0.0216, device='cuda:0'), tensor(0.0216, device='cuda:0'), tensor(0.0219, device='cuda:0'), tensor(0.0213, device='cuda:0'), tensor(0.0217, device='cuda:0'), tensor(0.0219, device='cuda:0'), tensor(0.0217, device='cuda:0'), tensor(0.0212, device='cuda:0'), tensor(0.0211, device='cuda:0'), tensor(0.0219, device='cuda:0'), tensor(0.0218, device='cuda:0'), tensor(0.0214, device='cuda:0'), tensor(0.0212, device='cuda:0'), tensor(0.0213, device='cuda:0'), tensor(0.0210, device='cuda:0'), tensor(0.0219, device='cuda:0'), tensor(0.0212, device='cuda:0'), tensor(0.0212, device='cuda:0'), tensor(0.0210, device='cuda:0'), tensor(0.0213, device='cuda:0'), tensor(0.0223, device='cuda:0'), tensor(0.0218, device='cuda:0'), tensor(0.0215, device='cuda:0'), tensor(0.0209, device='cuda:0'), tensor(0.0223, device='cuda:0'), tensor(0.0225, device='cuda:0'), tensor(0.0213, device='cuda:0'), tensor(0.0215, device='cuda:0'), tensor(0.0222, device='cuda:0'), tensor(0.0221, device='cuda:0'), tensor(0.0218, device='cuda:0'), tensor(0.0217, device='cuda:0'), tensor(0.0215, device='cuda:0'), tensor(0.0210, device='cuda:0'), tensor(0.0216, device='cuda:0'), tensor(0.0217, device='cuda:0'), tensor(0.0221, device='cuda:0'), tensor(0.0211, device='cuda:0'), tensor(0.0219, device='cuda:0'), tensor(0.0223, device='cuda:0'), tensor(0.0211, device='cuda:0'), tensor(0.0217, device='cuda:0'), tensor(0.0213, device='cuda:0'), tensor(0.0214, device='cuda:0'), tensor(0.0216, device='cuda:0'), tensor(0.0211, device='cuda:0'), tensor(0.0211, device='cuda:0'), tensor(0.0212, device='cuda:0'), tensor(0.0218, device='cuda:0'), tensor(0.0223, device='cuda:0'), tensor(0.0213, device='cuda:0'), tensor(0.0214, device='cuda:0'), tensor(0.0221, device='cuda:0'), tensor(0.0222, device='cuda:0'), tensor(0.0213, device='cuda:0'), tensor(0.0213, device='cuda:0'), tensor(0.0211, device='cuda:0'), tensor(0.0216, device='cuda:0'), tensor(0.0225, device='cuda:0'), tensor(0.0221, device='cuda:0'), tensor(0.0218, device='cuda:0'), tensor(0.0211, device='cuda:0'), tensor(0.0216, device='cuda:0'), tensor(0.0215, device='cuda:0'), tensor(0.0213, device='cuda:0'), tensor(0.0218, device='cuda:0'), tensor(0.0216, device='cuda:0'), tensor(0.0222, device='cuda:0'), tensor(0.0215, device='cuda:0'), tensor(0.0211, device='cuda:0'), tensor(0.0213, device='cuda:0'), tensor(0.0213, device='cuda:0'), tensor(0.0215, device='cuda:0'), tensor(0.0211, device='cuda:0'), tensor(0.0225, device='cuda:0'), tensor(0.0214, device='cuda:0'), tensor(0.0217, device='cuda:0'), tensor(0.0209, device='cuda:0'), tensor(0.0215, device='cuda:0'), tensor(0.0212, device='cuda:0'), tensor(0.0213, device='cuda:0'), tensor(0.0223, device='cuda:0'), tensor(0.0211, device='cuda:0'), tensor(0.0220, device='cuda:0'), tensor(0.0215, device='cuda:0'), tensor(0.0217, device='cuda:0'), tensor(0.0215, device='cuda:0'), tensor(0.0220, device='cuda:0'), tensor(0.0217, device='cuda:0'), tensor(0.0217, device='cuda:0'), tensor(0.0212, device='cuda:0'), tensor(0.0215, device='cuda:0'), tensor(0.0212, device='cuda:0'), tensor(0.0213, device='cuda:0')]"
91,"[tensor(0.0209, device='cuda:0'), tensor(0.0212, device='cuda:0'), tensor(0.0220, device='cuda:0'), tensor(0.0213, device='cuda:0'), tensor(0.0211, device='cuda:0'), tensor(0.0217, device='cuda:0'), tensor(0.0210, device='cuda:0'), tensor(0.0212, device='cuda:0'), tensor(0.0212, device='cuda:0'), tensor(0.0218, device='cuda:0'), tensor(0.0212, device='cuda:0'), tensor(0.0212, device='cuda:0'), tensor(0.0213, device='cuda:0'), tensor(0.0218, device='cuda:0'), tensor(0.0218, device='cuda:0'), tensor(0.0222, device='cuda:0'), tensor(0.0215, device='cuda:0'), tensor(0.0221, device='cuda:0'), tensor(0.0216, device='cuda:0'), tensor(0.0217, device='cuda:0'), tensor(0.0218, device='cuda:0'), tensor(0.0213, device='cuda:0'), tensor(0.0218, device='cuda:0'), tensor(0.0219, device='cuda:0'), tensor(0.0217, device='cuda:0'), tensor(0.0220, device='cuda:0'), tensor(0.0220, device='cuda:0'), tensor(0.0212, device='cuda:0'), tensor(0.0213, device='cuda:0'), tensor(0.0218, device='cuda:0'), tensor(0.0221, device='cuda:0'), tensor(0.0222, device='cuda:0'), tensor(0.0220, device='cuda:0'), tensor(0.0221, device='cuda:0'), tensor(0.0212, device='cuda:0'), tensor(0.0212, device='cuda:0'), tensor(0.0221, device='cuda:0'), tensor(0.0211, device='cuda:0'), tensor(0.0217, device='cuda:0'), tensor(0.0217, device='cuda:0'), tensor(0.0211, device='cuda:0'), tensor(0.0210, device='cuda:0'), tensor(0.0224, device='cuda:0'), tensor(0.0220, device='cuda:0'), tensor(0.0222, device='cuda:0'), tensor(0.0221, device='cuda:0'), tensor(0.0218, device='cuda:0'), tensor(0.0211, device='cuda:0'), tensor(0.0211, device='cuda:0'), tensor(0.0213, device='cuda:0'), tensor(0.0213, device='cuda:0'), tensor(0.0212, device='cuda:0'), tensor(0.0219, device='cuda:0'), tensor(0.0216, device='cuda:0'), tensor(0.0220, device='cuda:0'), tensor(0.0221, device='cuda:0'), tensor(0.0218, device='cuda:0'), tensor(0.0212, device='cuda:0'), tensor(0.0222, device='cuda:0'), tensor(0.0220, device='cuda:0'), tensor(0.0219, device='cuda:0'), tensor(0.0216, device='cuda:0'), tensor(0.0217, device='cuda:0'), tensor(0.0211, device='cuda:0'), tensor(0.0222, device='cuda:0'), tensor(0.0218, device='cuda:0'), tensor(0.0213, device='cuda:0'), tensor(0.0217, device='cuda:0'), tensor(0.0212, device='cuda:0'), tensor(0.0212, device='cuda:0'), tensor(0.0217, device='cuda:0'), tensor(0.0211, device='cuda:0'), tensor(0.0212, device='cuda:0'), tensor(0.0219, device='cuda:0'), tensor(0.0215, device='cuda:0'), tensor(0.0216, device='cuda:0'), tensor(0.0218, device='cuda:0'), tensor(0.0220, device='cuda:0'), tensor(0.0211, device='cuda:0'), tensor(0.0219, device='cuda:0'), tensor(0.0222, device='cuda:0'), tensor(0.0218, device='cuda:0'), tensor(0.0213, device='cuda:0'), tensor(0.0213, device='cuda:0'), tensor(0.0212, device='cuda:0'), tensor(0.0217, device='cuda:0'), tensor(0.0219, device='cuda:0'), tensor(0.0221, device='cuda:0'), tensor(0.0213, device='cuda:0'), tensor(0.0223, device='cuda:0'), tensor(0.0211, device='cuda:0'), tensor(0.0213, device='cuda:0'), tensor(0.0210, device='cuda:0'), tensor(0.0223, device='cuda:0'), tensor(0.0211, device='cuda:0'), tensor(0.0210, device='cuda:0'), tensor(0.0218, device='cuda:0'), tensor(0.0213, device='cuda:0'), tensor(0.0218, device='cuda:0'), tensor(0.0219, device='cuda:0')]"
92,"[tensor(0.0214, device='cuda:0'), tensor(0.0218, device='cuda:0'), tensor(0.0223, device='cuda:0'), tensor(0.0214, device='cuda:0'), tensor(0.0220, device='cuda:0'), tensor(0.0216, device='cuda:0'), tensor(0.0215, device='cuda:0'), tensor(0.0216, device='cuda:0'), tensor(0.0219, device='cuda:0'), tensor(0.0213, device='cuda:0'), tensor(0.0217, device='cuda:0'), tensor(0.0219, device='cuda:0'), tensor(0.0216, device='cuda:0'), tensor(0.0212, device='cuda:0'), tensor(0.0211, device='cuda:0'), tensor(0.0219, device='cuda:0'), tensor(0.0218, device='cuda:0'), tensor(0.0214, device='cuda:0'), tensor(0.0212, device='cuda:0'), tensor(0.0214, device='cuda:0'), tensor(0.0210, device='cuda:0'), tensor(0.0218, device='cuda:0'), tensor(0.0212, device='cuda:0'), tensor(0.0212, device='cuda:0'), tensor(0.0210, device='cuda:0'), tensor(0.0213, device='cuda:0'), tensor(0.0224, device='cuda:0'), tensor(0.0217, device='cuda:0'), tensor(0.0215, device='cuda:0'), tensor(0.0209, device='cuda:0'), tensor(0.0223, device='cuda:0'), tensor(0.0225, device='cuda:0'), tensor(0.0214, device='cuda:0'), tensor(0.0215, device='cuda:0'), tensor(0.0222, device='cuda:0'), tensor(0.0221, device='cuda:0'), tensor(0.0218, device='cuda:0'), tensor(0.0217, device='cuda:0'), tensor(0.0215, device='cuda:0'), tensor(0.0210, device='cuda:0'), tensor(0.0216, device='cuda:0'), tensor(0.0217, device='cuda:0'), tensor(0.0221, device='cuda:0'), tensor(0.0211, device='cuda:0'), tensor(0.0220, device='cuda:0'), tensor(0.0223, device='cuda:0'), tensor(0.0211, device='cuda:0'), tensor(0.0217, device='cuda:0'), tensor(0.0213, device='cuda:0'), tensor(0.0214, device='cuda:0'), tensor(0.0216, device='cuda:0'), tensor(0.0211, device='cuda:0'), tensor(0.0211, device='cuda:0'), tensor(0.0212, device='cuda:0'), tensor(0.0219, device='cuda:0'), tensor(0.0223, device='cuda:0'), tensor(0.0213, device='cuda:0'), tensor(0.0214, device='cuda:0'), tensor(0.0219, device='cuda:0'), tensor(0.0223, device='cuda:0'), tensor(0.0213, device='cuda:0'), tensor(0.0213, device='cuda:0'), tensor(0.0211, device='cuda:0'), tensor(0.0216, device='cuda:0'), tensor(0.0225, device='cuda:0'), tensor(0.0221, device='cuda:0'), tensor(0.0218, device='cuda:0'), tensor(0.0211, device='cuda:0'), tensor(0.0217, device='cuda:0'), tensor(0.0215, device='cuda:0'), tensor(0.0213, device='cuda:0'), tensor(0.0217, device='cuda:0'), tensor(0.0216, device='cuda:0'), tensor(0.0222, device='cuda:0'), tensor(0.0216, device='cuda:0'), tensor(0.0211, device='cuda:0'), tensor(0.0213, device='cuda:0'), tensor(0.0213, device='cuda:0'), tensor(0.0215, device='cuda:0'), tensor(0.0211, device='cuda:0'), tensor(0.0225, device='cuda:0'), tensor(0.0214, device='cuda:0'), tensor(0.0217, device='cuda:0'), tensor(0.0209, device='cuda:0'), tensor(0.0220, device='cuda:0'), tensor(0.0212, device='cuda:0'), tensor(0.0213, device='cuda:0'), tensor(0.0223, device='cuda:0'), tensor(0.0211, device='cuda:0'), tensor(0.0220, device='cuda:0'), tensor(0.0215, device='cuda:0'), tensor(0.0217, device='cuda:0'), tensor(0.0216, device='cuda:0'), tensor(0.0220, device='cuda:0'), tensor(0.0217, device='cuda:0'), tensor(0.0217, device='cuda:0'), tensor(0.0212, device='cuda:0'), tensor(0.0215, device='cuda:0'), tensor(0.0212, device='cuda:0'), tensor(0.0213, device='cuda:0')]"
93,"[tensor(0.0209, device='cuda:0'), tensor(0.0212, device='cuda:0'), tensor(0.0220, device='cuda:0'), tensor(0.0213, device='cuda:0'), tensor(0.0211, device='cuda:0'), tensor(0.0217, device='cuda:0'), tensor(0.0210, device='cuda:0'), tensor(0.0212, device='cuda:0'), tensor(0.0212, device='cuda:0'), tensor(0.0217, device='cuda:0'), tensor(0.0213, device='cuda:0'), tensor(0.0212, device='cuda:0'), tensor(0.0213, device='cuda:0'), tensor(0.0218, device='cuda:0'), tensor(0.0218, device='cuda:0'), tensor(0.0222, device='cuda:0'), tensor(0.0215, device='cuda:0'), tensor(0.0220, device='cuda:0'), tensor(0.0216, device='cuda:0'), tensor(0.0217, device='cuda:0'), tensor(0.0217, device='cuda:0'), tensor(0.0213, device='cuda:0'), tensor(0.0217, device='cuda:0'), tensor(0.0218, device='cuda:0'), tensor(0.0217, device='cuda:0'), tensor(0.0219, device='cuda:0'), tensor(0.0220, device='cuda:0'), tensor(0.0212, device='cuda:0'), tensor(0.0213, device='cuda:0'), tensor(0.0218, device='cuda:0'), tensor(0.0221, device='cuda:0'), tensor(0.0222, device='cuda:0'), tensor(0.0220, device='cuda:0'), tensor(0.0219, device='cuda:0'), tensor(0.0212, device='cuda:0'), tensor(0.0212, device='cuda:0'), tensor(0.0221, device='cuda:0'), tensor(0.0211, device='cuda:0'), tensor(0.0216, device='cuda:0'), tensor(0.0217, device='cuda:0'), tensor(0.0210, device='cuda:0'), tensor(0.0211, device='cuda:0'), tensor(0.0224, device='cuda:0'), tensor(0.0219, device='cuda:0'), tensor(0.0222, device='cuda:0'), tensor(0.0220, device='cuda:0'), tensor(0.0218, device='cuda:0'), tensor(0.0211, device='cuda:0'), tensor(0.0212, device='cuda:0'), tensor(0.0213, device='cuda:0'), tensor(0.0213, device='cuda:0'), tensor(0.0213, device='cuda:0'), tensor(0.0218, device='cuda:0'), tensor(0.0216, device='cuda:0'), tensor(0.0220, device='cuda:0'), tensor(0.0221, device='cuda:0'), tensor(0.0218, device='cuda:0'), tensor(0.0212, device='cuda:0'), tensor(0.0223, device='cuda:0'), tensor(0.0220, device='cuda:0'), tensor(0.0219, device='cuda:0'), tensor(0.0215, device='cuda:0'), tensor(0.0217, device='cuda:0'), tensor(0.0211, device='cuda:0'), tensor(0.0222, device='cuda:0'), tensor(0.0218, device='cuda:0'), tensor(0.0213, device='cuda:0'), tensor(0.0216, device='cuda:0'), tensor(0.0212, device='cuda:0'), tensor(0.0212, device='cuda:0'), tensor(0.0217, device='cuda:0'), tensor(0.0211, device='cuda:0'), tensor(0.0212, device='cuda:0'), tensor(0.0220, device='cuda:0'), tensor(0.0215, device='cuda:0'), tensor(0.0217, device='cuda:0'), tensor(0.0217, device='cuda:0'), tensor(0.0220, device='cuda:0'), tensor(0.0211, device='cuda:0'), tensor(0.0218, device='cuda:0'), tensor(0.0222, device='cuda:0'), tensor(0.0218, device='cuda:0'), tensor(0.0213, device='cuda:0'), tensor(0.0213, device='cuda:0'), tensor(0.0212, device='cuda:0'), tensor(0.0217, device='cuda:0'), tensor(0.0218, device='cuda:0'), tensor(0.0221, device='cuda:0'), tensor(0.0213, device='cuda:0'), tensor(0.0223, device='cuda:0'), tensor(0.0211, device='cuda:0'), tensor(0.0213, device='cuda:0'), tensor(0.0210, device='cuda:0'), tensor(0.0223, device='cuda:0'), tensor(0.0211, device='cuda:0'), tensor(0.0210, device='cuda:0'), tensor(0.0218, device='cuda:0'), tensor(0.0213, device='cuda:0'), tensor(0.0218, device='cuda:0'), tensor(0.0219, device='cuda:0')]"
94,"[tensor(0.0214, device='cuda:0'), tensor(0.0218, device='cuda:0'), tensor(0.0223, device='cuda:0'), tensor(0.0214, device='cuda:0'), tensor(0.0219, device='cuda:0'), tensor(0.0216, device='cuda:0'), tensor(0.0215, device='cuda:0'), tensor(0.0215, device='cuda:0'), tensor(0.0219, device='cuda:0'), tensor(0.0213, device='cuda:0'), tensor(0.0216, device='cuda:0'), tensor(0.0219, device='cuda:0'), tensor(0.0216, device='cuda:0'), tensor(0.0212, device='cuda:0'), tensor(0.0211, device='cuda:0'), tensor(0.0219, device='cuda:0'), tensor(0.0218, device='cuda:0'), tensor(0.0214, device='cuda:0'), tensor(0.0212, device='cuda:0'), tensor(0.0214, device='cuda:0'), tensor(0.0210, device='cuda:0'), tensor(0.0218, device='cuda:0'), tensor(0.0212, device='cuda:0'), tensor(0.0212, device='cuda:0'), tensor(0.0210, device='cuda:0'), tensor(0.0213, device='cuda:0'), tensor(0.0223, device='cuda:0'), tensor(0.0217, device='cuda:0'), tensor(0.0215, device='cuda:0'), tensor(0.0209, device='cuda:0'), tensor(0.0223, device='cuda:0'), tensor(0.0225, device='cuda:0'), tensor(0.0214, device='cuda:0'), tensor(0.0215, device='cuda:0'), tensor(0.0222, device='cuda:0'), tensor(0.0221, device='cuda:0'), tensor(0.0218, device='cuda:0'), tensor(0.0217, device='cuda:0'), tensor(0.0215, device='cuda:0'), tensor(0.0210, device='cuda:0'), tensor(0.0216, device='cuda:0'), tensor(0.0217, device='cuda:0'), tensor(0.0221, device='cuda:0'), tensor(0.0211, device='cuda:0'), tensor(0.0220, device='cuda:0'), tensor(0.0223, device='cuda:0'), tensor(0.0211, device='cuda:0'), tensor(0.0216, device='cuda:0'), tensor(0.0213, device='cuda:0'), tensor(0.0213, device='cuda:0'), tensor(0.0216, device='cuda:0'), tensor(0.0211, device='cuda:0'), tensor(0.0211, device='cuda:0'), tensor(0.0212, device='cuda:0'), tensor(0.0219, device='cuda:0'), tensor(0.0224, device='cuda:0'), tensor(0.0213, device='cuda:0'), tensor(0.0213, device='cuda:0'), tensor(0.0220, device='cuda:0'), tensor(0.0223, device='cuda:0'), tensor(0.0213, device='cuda:0'), tensor(0.0213, device='cuda:0'), tensor(0.0211, device='cuda:0'), tensor(0.0215, device='cuda:0'), tensor(0.0225, device='cuda:0'), tensor(0.0221, device='cuda:0'), tensor(0.0218, device='cuda:0'), tensor(0.0211, device='cuda:0'), tensor(0.0216, device='cuda:0'), tensor(0.0214, device='cuda:0'), tensor(0.0213, device='cuda:0'), tensor(0.0217, device='cuda:0'), tensor(0.0215, device='cuda:0'), tensor(0.0222, device='cuda:0'), tensor(0.0215, device='cuda:0'), tensor(0.0211, device='cuda:0'), tensor(0.0213, device='cuda:0'), tensor(0.0213, device='cuda:0'), tensor(0.0215, device='cuda:0'), tensor(0.0211, device='cuda:0'), tensor(0.0225, device='cuda:0'), tensor(0.0214, device='cuda:0'), tensor(0.0217, device='cuda:0'), tensor(0.0210, device='cuda:0'), tensor(0.0219, device='cuda:0'), tensor(0.0212, device='cuda:0'), tensor(0.0213, device='cuda:0'), tensor(0.0223, device='cuda:0'), tensor(0.0211, device='cuda:0'), tensor(0.0220, device='cuda:0'), tensor(0.0214, device='cuda:0'), tensor(0.0216, device='cuda:0'), tensor(0.0216, device='cuda:0'), tensor(0.0220, device='cuda:0'), tensor(0.0217, device='cuda:0'), tensor(0.0217, device='cuda:0'), tensor(0.0212, device='cuda:0'), tensor(0.0214, device='cuda:0'), tensor(0.0212, device='cuda:0'), tensor(0.0213, device='cuda:0')]"
95,"[tensor(0.0209, device='cuda:0'), tensor(0.0212, device='cuda:0'), tensor(0.0220, device='cuda:0'), tensor(0.0213, device='cuda:0'), tensor(0.0212, device='cuda:0'), tensor(0.0216, device='cuda:0'), tensor(0.0210, device='cuda:0'), tensor(0.0212, device='cuda:0'), tensor(0.0212, device='cuda:0'), tensor(0.0217, device='cuda:0'), tensor(0.0212, device='cuda:0'), tensor(0.0212, device='cuda:0'), tensor(0.0213, device='cuda:0'), tensor(0.0217, device='cuda:0'), tensor(0.0217, device='cuda:0'), tensor(0.0222, device='cuda:0'), tensor(0.0215, device='cuda:0'), tensor(0.0220, device='cuda:0'), tensor(0.0216, device='cuda:0'), tensor(0.0217, device='cuda:0'), tensor(0.0217, device='cuda:0'), tensor(0.0213, device='cuda:0'), tensor(0.0217, device='cuda:0'), tensor(0.0218, device='cuda:0'), tensor(0.0217, device='cuda:0'), tensor(0.0219, device='cuda:0'), tensor(0.0221, device='cuda:0'), tensor(0.0212, device='cuda:0'), tensor(0.0213, device='cuda:0'), tensor(0.0218, device='cuda:0'), tensor(0.0221, device='cuda:0'), tensor(0.0222, device='cuda:0'), tensor(0.0220, device='cuda:0'), tensor(0.0219, device='cuda:0'), tensor(0.0212, device='cuda:0'), tensor(0.0212, device='cuda:0'), tensor(0.0221, device='cuda:0'), tensor(0.0211, device='cuda:0'), tensor(0.0216, device='cuda:0'), tensor(0.0217, device='cuda:0'), tensor(0.0211, device='cuda:0'), tensor(0.0211, device='cuda:0'), tensor(0.0224, device='cuda:0'), tensor(0.0219, device='cuda:0'), tensor(0.0223, device='cuda:0'), tensor(0.0220, device='cuda:0'), tensor(0.0217, device='cuda:0'), tensor(0.0211, device='cuda:0'), tensor(0.0211, device='cuda:0'), tensor(0.0213, device='cuda:0'), tensor(0.0213, device='cuda:0'), tensor(0.0212, device='cuda:0'), tensor(0.0218, device='cuda:0'), tensor(0.0216, device='cuda:0'), tensor(0.0219, device='cuda:0'), tensor(0.0221, device='cuda:0'), tensor(0.0218, device='cuda:0'), tensor(0.0212, device='cuda:0'), tensor(0.0222, device='cuda:0'), tensor(0.0220, device='cuda:0'), tensor(0.0218, device='cuda:0'), tensor(0.0215, device='cuda:0'), tensor(0.0216, device='cuda:0'), tensor(0.0211, device='cuda:0'), tensor(0.0222, device='cuda:0'), tensor(0.0218, device='cuda:0'), tensor(0.0213, device='cuda:0'), tensor(0.0217, device='cuda:0'), tensor(0.0212, device='cuda:0'), tensor(0.0212, device='cuda:0'), tensor(0.0216, device='cuda:0'), tensor(0.0211, device='cuda:0'), tensor(0.0212, device='cuda:0'), tensor(0.0220, device='cuda:0'), tensor(0.0215, device='cuda:0'), tensor(0.0216, device='cuda:0'), tensor(0.0217, device='cuda:0'), tensor(0.0220, device='cuda:0'), tensor(0.0211, device='cuda:0'), tensor(0.0218, device='cuda:0'), tensor(0.0222, device='cuda:0'), tensor(0.0218, device='cuda:0'), tensor(0.0214, device='cuda:0'), tensor(0.0212, device='cuda:0'), tensor(0.0212, device='cuda:0'), tensor(0.0217, device='cuda:0'), tensor(0.0219, device='cuda:0'), tensor(0.0220, device='cuda:0'), tensor(0.0213, device='cuda:0'), tensor(0.0222, device='cuda:0'), tensor(0.0211, device='cuda:0'), tensor(0.0213, device='cuda:0'), tensor(0.0210, device='cuda:0'), tensor(0.0223, device='cuda:0'), tensor(0.0211, device='cuda:0'), tensor(0.0211, device='cuda:0'), tensor(0.0218, device='cuda:0'), tensor(0.0212, device='cuda:0'), tensor(0.0218, device='cuda:0'), tensor(0.0219, device='cuda:0')]"
96,"[tensor(0.0214, device='cuda:0'), tensor(0.0217, device='cuda:0'), tensor(0.0223, device='cuda:0'), tensor(0.0214, device='cuda:0'), tensor(0.0219, device='cuda:0'), tensor(0.0216, device='cuda:0'), tensor(0.0214, device='cuda:0'), tensor(0.0215, device='cuda:0'), tensor(0.0218, device='cuda:0'), tensor(0.0213, device='cuda:0'), tensor(0.0216, device='cuda:0'), tensor(0.0218, device='cuda:0'), tensor(0.0215, device='cuda:0'), tensor(0.0212, device='cuda:0'), tensor(0.0211, device='cuda:0'), tensor(0.0219, device='cuda:0'), tensor(0.0217, device='cuda:0'), tensor(0.0214, device='cuda:0'), tensor(0.0212, device='cuda:0'), tensor(0.0214, device='cuda:0'), tensor(0.0210, device='cuda:0'), tensor(0.0218, device='cuda:0'), tensor(0.0213, device='cuda:0'), tensor(0.0212, device='cuda:0'), tensor(0.0210, device='cuda:0'), tensor(0.0213, device='cuda:0'), tensor(0.0224, device='cuda:0'), tensor(0.0216, device='cuda:0'), tensor(0.0215, device='cuda:0'), tensor(0.0209, device='cuda:0'), tensor(0.0223, device='cuda:0'), tensor(0.0225, device='cuda:0'), tensor(0.0214, device='cuda:0'), tensor(0.0215, device='cuda:0'), tensor(0.0221, device='cuda:0'), tensor(0.0221, device='cuda:0'), tensor(0.0219, device='cuda:0'), tensor(0.0217, device='cuda:0'), tensor(0.0215, device='cuda:0'), tensor(0.0210, device='cuda:0'), tensor(0.0216, device='cuda:0'), tensor(0.0216, device='cuda:0'), tensor(0.0221, device='cuda:0'), tensor(0.0211, device='cuda:0'), tensor(0.0220, device='cuda:0'), tensor(0.0223, device='cuda:0'), tensor(0.0211, device='cuda:0'), tensor(0.0216, device='cuda:0'), tensor(0.0213, device='cuda:0'), tensor(0.0213, device='cuda:0'), tensor(0.0216, device='cuda:0'), tensor(0.0211, device='cuda:0'), tensor(0.0211, device='cuda:0'), tensor(0.0212, device='cuda:0'), tensor(0.0219, device='cuda:0'), tensor(0.0224, device='cuda:0'), tensor(0.0213, device='cuda:0'), tensor(0.0214, device='cuda:0'), tensor(0.0220, device='cuda:0'), tensor(0.0223, device='cuda:0'), tensor(0.0213, device='cuda:0'), tensor(0.0213, device='cuda:0'), tensor(0.0211, device='cuda:0'), tensor(0.0215, device='cuda:0'), tensor(0.0225, device='cuda:0'), tensor(0.0221, device='cuda:0'), tensor(0.0218, device='cuda:0'), tensor(0.0211, device='cuda:0'), tensor(0.0216, device='cuda:0'), tensor(0.0214, device='cuda:0'), tensor(0.0213, device='cuda:0'), tensor(0.0217, device='cuda:0'), tensor(0.0215, device='cuda:0'), tensor(0.0222, device='cuda:0'), tensor(0.0215, device='cuda:0'), tensor(0.0211, device='cuda:0'), tensor(0.0213, device='cuda:0'), tensor(0.0213, device='cuda:0'), tensor(0.0215, device='cuda:0'), tensor(0.0211, device='cuda:0'), tensor(0.0224, device='cuda:0'), tensor(0.0214, device='cuda:0'), tensor(0.0216, device='cuda:0'), tensor(0.0209, device='cuda:0'), tensor(0.0219, device='cuda:0'), tensor(0.0212, device='cuda:0'), tensor(0.0213, device='cuda:0'), tensor(0.0223, device='cuda:0'), tensor(0.0211, device='cuda:0'), tensor(0.0221, device='cuda:0'), tensor(0.0214, device='cuda:0'), tensor(0.0216, device='cuda:0'), tensor(0.0216, device='cuda:0'), tensor(0.0220, device='cuda:0'), tensor(0.0217, device='cuda:0'), tensor(0.0217, device='cuda:0'), tensor(0.0212, device='cuda:0'), tensor(0.0214, device='cuda:0'), tensor(0.0212, device='cuda:0'), tensor(0.0213, device='cuda:0')]"
97,"[tensor(0.0209, device='cuda:0'), tensor(0.0212, device='cuda:0'), tensor(0.0220, device='cuda:0'), tensor(0.0213, device='cuda:0'), tensor(0.0212, device='cuda:0'), tensor(0.0216, device='cuda:0'), tensor(0.0210, device='cuda:0'), tensor(0.0212, device='cuda:0'), tensor(0.0212, device='cuda:0'), tensor(0.0217, device='cuda:0'), tensor(0.0212, device='cuda:0'), tensor(0.0212, device='cuda:0'), tensor(0.0213, device='cuda:0'), tensor(0.0217, device='cuda:0'), tensor(0.0217, device='cuda:0'), tensor(0.0222, device='cuda:0'), tensor(0.0215, device='cuda:0'), tensor(0.0219, device='cuda:0'), tensor(0.0216, device='cuda:0'), tensor(0.0217, device='cuda:0'), tensor(0.0217, device='cuda:0'), tensor(0.0214, device='cuda:0'), tensor(0.0217, device='cuda:0'), tensor(0.0218, device='cuda:0'), tensor(0.0217, device='cuda:0'), tensor(0.0219, device='cuda:0'), tensor(0.0220, device='cuda:0'), tensor(0.0212, device='cuda:0'), tensor(0.0213, device='cuda:0'), tensor(0.0218, device='cuda:0'), tensor(0.0221, device='cuda:0'), tensor(0.0222, device='cuda:0'), tensor(0.0220, device='cuda:0'), tensor(0.0219, device='cuda:0'), tensor(0.0213, device='cuda:0'), tensor(0.0212, device='cuda:0'), tensor(0.0221, device='cuda:0'), tensor(0.0211, device='cuda:0'), tensor(0.0216, device='cuda:0'), tensor(0.0217, device='cuda:0'), tensor(0.0211, device='cuda:0'), tensor(0.0210, device='cuda:0'), tensor(0.0224, device='cuda:0'), tensor(0.0219, device='cuda:0'), tensor(0.0222, device='cuda:0'), tensor(0.0221, device='cuda:0'), tensor(0.0217, device='cuda:0'), tensor(0.0211, device='cuda:0'), tensor(0.0212, device='cuda:0'), tensor(0.0213, device='cuda:0'), tensor(0.0213, device='cuda:0'), tensor(0.0212, device='cuda:0'), tensor(0.0218, device='cuda:0'), tensor(0.0216, device='cuda:0'), tensor(0.0220, device='cuda:0'), tensor(0.0221, device='cuda:0'), tensor(0.0218, device='cuda:0'), tensor(0.0212, device='cuda:0'), tensor(0.0223, device='cuda:0'), tensor(0.0220, device='cuda:0'), tensor(0.0218, device='cuda:0'), tensor(0.0214, device='cuda:0'), tensor(0.0217, device='cuda:0'), tensor(0.0211, device='cuda:0'), tensor(0.0222, device='cuda:0'), tensor(0.0218, device='cuda:0'), tensor(0.0213, device='cuda:0'), tensor(0.0216, device='cuda:0'), tensor(0.0212, device='cuda:0'), tensor(0.0212, device='cuda:0'), tensor(0.0216, device='cuda:0'), tensor(0.0211, device='cuda:0'), tensor(0.0212, device='cuda:0'), tensor(0.0220, device='cuda:0'), tensor(0.0215, device='cuda:0'), tensor(0.0216, device='cuda:0'), tensor(0.0217, device='cuda:0'), tensor(0.0219, device='cuda:0'), tensor(0.0211, device='cuda:0'), tensor(0.0218, device='cuda:0'), tensor(0.0221, device='cuda:0'), tensor(0.0217, device='cuda:0'), tensor(0.0214, device='cuda:0'), tensor(0.0212, device='cuda:0'), tensor(0.0212, device='cuda:0'), tensor(0.0216, device='cuda:0'), tensor(0.0218, device='cuda:0'), tensor(0.0220, device='cuda:0'), tensor(0.0213, device='cuda:0'), tensor(0.0223, device='cuda:0'), tensor(0.0211, device='cuda:0'), tensor(0.0213, device='cuda:0'), tensor(0.0210, device='cuda:0'), tensor(0.0223, device='cuda:0'), tensor(0.0211, device='cuda:0'), tensor(0.0211, device='cuda:0'), tensor(0.0218, device='cuda:0'), tensor(0.0213, device='cuda:0'), tensor(0.0218, device='cuda:0'), tensor(0.0219, device='cuda:0')]"
98,"[tensor(0.0213, device='cuda:0'), tensor(0.0217, device='cuda:0'), tensor(0.0223, device='cuda:0'), tensor(0.0214, device='cuda:0'), tensor(0.0219, device='cuda:0'), tensor(0.0216, device='cuda:0'), tensor(0.0214, device='cuda:0'), tensor(0.0215, device='cuda:0'), tensor(0.0219, device='cuda:0'), tensor(0.0213, device='cuda:0'), tensor(0.0216, device='cuda:0'), tensor(0.0218, device='cuda:0'), tensor(0.0215, device='cuda:0'), tensor(0.0212, device='cuda:0'), tensor(0.0211, device='cuda:0'), tensor(0.0219, device='cuda:0'), tensor(0.0217, device='cuda:0'), tensor(0.0214, device='cuda:0'), tensor(0.0212, device='cuda:0'), tensor(0.0214, device='cuda:0'), tensor(0.0210, device='cuda:0'), tensor(0.0218, device='cuda:0'), tensor(0.0213, device='cuda:0'), tensor(0.0212, device='cuda:0'), tensor(0.0211, device='cuda:0'), tensor(0.0213, device='cuda:0'), tensor(0.0223, device='cuda:0'), tensor(0.0216, device='cuda:0'), tensor(0.0215, device='cuda:0'), tensor(0.0209, device='cuda:0'), tensor(0.0223, device='cuda:0'), tensor(0.0225, device='cuda:0'), tensor(0.0214, device='cuda:0'), tensor(0.0215, device='cuda:0'), tensor(0.0221, device='cuda:0'), tensor(0.0221, device='cuda:0'), tensor(0.0218, device='cuda:0'), tensor(0.0216, device='cuda:0'), tensor(0.0215, device='cuda:0'), tensor(0.0210, device='cuda:0'), tensor(0.0216, device='cuda:0'), tensor(0.0217, device='cuda:0'), tensor(0.0222, device='cuda:0'), tensor(0.0211, device='cuda:0'), tensor(0.0221, device='cuda:0'), tensor(0.0223, device='cuda:0'), tensor(0.0211, device='cuda:0'), tensor(0.0216, device='cuda:0'), tensor(0.0213, device='cuda:0'), tensor(0.0213, device='cuda:0'), tensor(0.0216, device='cuda:0'), tensor(0.0211, device='cuda:0'), tensor(0.0211, device='cuda:0'), tensor(0.0212, device='cuda:0'), tensor(0.0219, device='cuda:0'), tensor(0.0224, device='cuda:0'), tensor(0.0213, device='cuda:0'), tensor(0.0213, device='cuda:0'), tensor(0.0220, device='cuda:0'), tensor(0.0222, device='cuda:0'), tensor(0.0213, device='cuda:0'), tensor(0.0213, device='cuda:0'), tensor(0.0211, device='cuda:0'), tensor(0.0214, device='cuda:0'), tensor(0.0225, device='cuda:0'), tensor(0.0221, device='cuda:0'), tensor(0.0218, device='cuda:0'), tensor(0.0211, device='cuda:0'), tensor(0.0216, device='cuda:0'), tensor(0.0214, device='cuda:0'), tensor(0.0213, device='cuda:0'), tensor(0.0217, device='cuda:0'), tensor(0.0215, device='cuda:0'), tensor(0.0222, device='cuda:0'), tensor(0.0215, device='cuda:0'), tensor(0.0211, device='cuda:0'), tensor(0.0213, device='cuda:0'), tensor(0.0213, device='cuda:0'), tensor(0.0215, device='cuda:0'), tensor(0.0211, device='cuda:0'), tensor(0.0224, device='cuda:0'), tensor(0.0214, device='cuda:0'), tensor(0.0216, device='cuda:0'), tensor(0.0210, device='cuda:0'), tensor(0.0218, device='cuda:0'), tensor(0.0212, device='cuda:0'), tensor(0.0213, device='cuda:0'), tensor(0.0223, device='cuda:0'), tensor(0.0211, device='cuda:0'), tensor(0.0221, device='cuda:0'), tensor(0.0214, device='cuda:0'), tensor(0.0216, device='cuda:0'), tensor(0.0216, device='cuda:0'), tensor(0.0220, device='cuda:0'), tensor(0.0217, device='cuda:0'), tensor(0.0217, device='cuda:0'), tensor(0.0212, device='cuda:0'), tensor(0.0214, device='cuda:0'), tensor(0.0213, device='cuda:0'), tensor(0.0213, device='cuda:0')]"
99,"[tensor(0.0210, device='cuda:0'), tensor(0.0212, device='cuda:0'), tensor(0.0220, device='cuda:0'), tensor(0.0213, device='cuda:0'), tensor(0.0212, device='cuda:0'), tensor(0.0216, device='cuda:0'), tensor(0.0211, device='cuda:0'), tensor(0.0213, device='cuda:0'), tensor(0.0212, device='cuda:0'), tensor(0.0216, device='cuda:0'), tensor(0.0212, device='cuda:0'), tensor(0.0212, device='cuda:0'), tensor(0.0213, device='cuda:0'), tensor(0.0217, device='cuda:0'), tensor(0.0217, device='cuda:0'), tensor(0.0222, device='cuda:0'), tensor(0.0215, device='cuda:0'), tensor(0.0219, device='cuda:0'), tensor(0.0216, device='cuda:0'), tensor(0.0217, device='cuda:0'), tensor(0.0217, device='cuda:0'), tensor(0.0214, device='cuda:0'), tensor(0.0217, device='cuda:0'), tensor(0.0218, device='cuda:0'), tensor(0.0217, device='cuda:0'), tensor(0.0219, device='cuda:0'), tensor(0.0220, device='cuda:0'), tensor(0.0212, device='cuda:0'), tensor(0.0213, device='cuda:0'), tensor(0.0218, device='cuda:0'), tensor(0.0220, device='cuda:0'), tensor(0.0222, device='cuda:0'), tensor(0.0220, device='cuda:0'), tensor(0.0219, device='cuda:0'), tensor(0.0213, device='cuda:0'), tensor(0.0212, device='cuda:0'), tensor(0.0221, device='cuda:0'), tensor(0.0211, device='cuda:0'), tensor(0.0216, device='cuda:0'), tensor(0.0217, device='cuda:0'), tensor(0.0211, device='cuda:0'), tensor(0.0211, device='cuda:0'), tensor(0.0224, device='cuda:0'), tensor(0.0219, device='cuda:0'), tensor(0.0222, device='cuda:0'), tensor(0.0221, device='cuda:0'), tensor(0.0217, device='cuda:0'), tensor(0.0211, device='cuda:0'), tensor(0.0212, device='cuda:0'), tensor(0.0212, device='cuda:0'), tensor(0.0213, device='cuda:0'), tensor(0.0212, device='cuda:0'), tensor(0.0217, device='cuda:0'), tensor(0.0216, device='cuda:0'), tensor(0.0221, device='cuda:0'), tensor(0.0222, device='cuda:0'), tensor(0.0218, device='cuda:0'), tensor(0.0212, device='cuda:0'), tensor(0.0223, device='cuda:0'), tensor(0.0221, device='cuda:0'), tensor(0.0218, device='cuda:0'), tensor(0.0214, device='cuda:0'), tensor(0.0216, device='cuda:0'), tensor(0.0211, device='cuda:0'), tensor(0.0222, device='cuda:0'), tensor(0.0219, device='cuda:0'), tensor(0.0213, device='cuda:0'), tensor(0.0216, device='cuda:0'), tensor(0.0212, device='cuda:0'), tensor(0.0212, device='cuda:0'), tensor(0.0216, device='cuda:0'), tensor(0.0212, device='cuda:0'), tensor(0.0212, device='cuda:0'), tensor(0.0220, device='cuda:0'), tensor(0.0215, device='cuda:0'), tensor(0.0216, device='cuda:0'), tensor(0.0216, device='cuda:0'), tensor(0.0219, device='cuda:0'), tensor(0.0211, device='cuda:0'), tensor(0.0217, device='cuda:0'), tensor(0.0221, device='cuda:0'), tensor(0.0217, device='cuda:0'), tensor(0.0214, device='cuda:0'), tensor(0.0213, device='cuda:0'), tensor(0.0212, device='cuda:0'), tensor(0.0217, device='cuda:0'), tensor(0.0218, device='cuda:0'), tensor(0.0220, device='cuda:0'), tensor(0.0213, device='cuda:0'), tensor(0.0223, device='cuda:0'), tensor(0.0211, device='cuda:0'), tensor(0.0213, device='cuda:0'), tensor(0.0210, device='cuda:0'), tensor(0.0223, device='cuda:0'), tensor(0.0211, device='cuda:0'), tensor(0.0211, device='cuda:0'), tensor(0.0218, device='cuda:0'), tensor(0.0213, device='cuda:0'), tensor(0.0218, device='cuda:0'), tensor(0.0219, device='cuda:0')]"
