none,[]
0,"[tensor(0.0057, device='cuda:0'), tensor(0.0058, device='cuda:0'), tensor(0.0058, device='cuda:0'), tensor(0.0058, device='cuda:0'), tensor(0.0058, device='cuda:0'), tensor(0.0058, device='cuda:0'), tensor(0.0058, device='cuda:0'), tensor(0.0058, device='cuda:0'), tensor(0.0058, device='cuda:0'), tensor(0.0058, device='cuda:0'), tensor(0.0058, device='cuda:0'), tensor(0.0058, device='cuda:0'), tensor(0.0058, device='cuda:0'), tensor(0.0058, device='cuda:0'), tensor(0.0058, device='cuda:0'), tensor(0.0058, device='cuda:0'), tensor(0.0058, device='cuda:0'), tensor(0.0058, device='cuda:0'), tensor(0.0058, device='cuda:0'), tensor(0.0058, device='cuda:0'), tensor(0.0057, device='cuda:0'), tensor(0.0058, device='cuda:0'), tensor(0.0058, device='cuda:0'), tensor(0.0057, device='cuda:0'), tensor(0.0058, device='cuda:0')]"
1,"[tensor(0.0057, device='cuda:0'), tensor(0.0058, device='cuda:0'), tensor(0.0058, device='cuda:0'), tensor(0.0058, device='cuda:0'), tensor(0.0058, device='cuda:0'), tensor(0.0058, device='cuda:0'), tensor(0.0058, device='cuda:0'), tensor(0.0058, device='cuda:0'), tensor(0.0058, device='cuda:0'), tensor(0.0058, device='cuda:0'), tensor(0.0058, device='cuda:0'), tensor(0.0058, device='cuda:0'), tensor(0.0058, device='cuda:0'), tensor(0.0058, device='cuda:0'), tensor(0.0058, device='cuda:0'), tensor(0.0058, device='cuda:0'), tensor(0.0058, device='cuda:0'), tensor(0.0058, device='cuda:0'), tensor(0.0058, device='cuda:0'), tensor(0.0058, device='cuda:0'), tensor(0.0058, device='cuda:0'), tensor(0.0058, device='cuda:0'), tensor(0.0058, device='cuda:0'), tensor(0.0058, device='cuda:0'), tensor(0.0058, device='cuda:0')]"
2,"[tensor(0.0057, device='cuda:0'), tensor(0.0058, device='cuda:0'), tensor(0.0058, device='cuda:0'), tensor(0.0058, device='cuda:0'), tensor(0.0058, device='cuda:0'), tensor(0.0058, device='cuda:0'), tensor(0.0058, device='cuda:0'), tensor(0.0058, device='cuda:0'), tensor(0.0058, device='cuda:0'), tensor(0.0058, device='cuda:0'), tensor(0.0058, device='cuda:0'), tensor(0.0058, device='cuda:0'), tensor(0.0058, device='cuda:0'), tensor(0.0058, device='cuda:0'), tensor(0.0058, device='cuda:0'), tensor(0.0058, device='cuda:0'), tensor(0.0058, device='cuda:0'), tensor(0.0058, device='cuda:0'), tensor(0.0058, device='cuda:0'), tensor(0.0058, device='cuda:0'), tensor(0.0058, device='cuda:0'), tensor(0.0058, device='cuda:0'), tensor(0.0058, device='cuda:0'), tensor(0.0058, device='cuda:0'), tensor(0.0058, device='cuda:0')]"
3,"[tensor(0.0057, device='cuda:0'), tensor(0.0058, device='cuda:0'), tensor(0.0058, device='cuda:0'), tensor(0.0058, device='cuda:0'), tensor(0.0058, device='cuda:0'), tensor(0.0058, device='cuda:0'), tensor(0.0058, device='cuda:0'), tensor(0.0058, device='cuda:0'), tensor(0.0058, device='cuda:0'), tensor(0.0058, device='cuda:0'), tensor(0.0058, device='cuda:0'), tensor(0.0058, device='cuda:0'), tensor(0.0058, device='cuda:0'), tensor(0.0058, device='cuda:0'), tensor(0.0058, device='cuda:0'), tensor(0.0058, device='cuda:0'), tensor(0.0058, device='cuda:0'), tensor(0.0058, device='cuda:0'), tensor(0.0058, device='cuda:0'), tensor(0.0058, device='cuda:0'), tensor(0.0058, device='cuda:0'), tensor(0.0058, device='cuda:0'), tensor(0.0058, device='cuda:0'), tensor(0.0058, device='cuda:0'), tensor(0.0058, device='cuda:0')]"
4,"[tensor(0.0057, device='cuda:0'), tensor(0.0058, device='cuda:0'), tensor(0.0058, device='cuda:0'), tensor(0.0058, device='cuda:0'), tensor(0.0058, device='cuda:0'), tensor(0.0058, device='cuda:0'), tensor(0.0058, device='cuda:0'), tensor(0.0058, device='cuda:0'), tensor(0.0058, device='cuda:0'), tensor(0.0058, device='cuda:0'), tensor(0.0058, device='cuda:0'), tensor(0.0058, device='cuda:0'), tensor(0.0058, device='cuda:0'), tensor(0.0058, device='cuda:0'), tensor(0.0058, device='cuda:0'), tensor(0.0058, device='cuda:0'), tensor(0.0058, device='cuda:0'), tensor(0.0058, device='cuda:0'), tensor(0.0058, device='cuda:0'), tensor(0.0058, device='cuda:0'), tensor(0.0058, device='cuda:0'), tensor(0.0058, device='cuda:0'), tensor(0.0058, device='cuda:0'), tensor(0.0058, device='cuda:0'), tensor(0.0058, device='cuda:0')]"
5,"[tensor(0.0057, device='cuda:0'), tensor(0.0058, device='cuda:0'), tensor(0.0058, device='cuda:0'), tensor(0.0058, device='cuda:0'), tensor(0.0058, device='cuda:0'), tensor(0.0058, device='cuda:0'), tensor(0.0058, device='cuda:0'), tensor(0.0058, device='cuda:0'), tensor(0.0058, device='cuda:0'), tensor(0.0058, device='cuda:0'), tensor(0.0058, device='cuda:0'), tensor(0.0058, device='cuda:0'), tensor(0.0058, device='cuda:0'), tensor(0.0058, device='cuda:0'), tensor(0.0058, device='cuda:0'), tensor(0.0058, device='cuda:0'), tensor(0.0058, device='cuda:0'), tensor(0.0058, device='cuda:0'), tensor(0.0058, device='cuda:0'), tensor(0.0058, device='cuda:0'), tensor(0.0058, device='cuda:0'), tensor(0.0058, device='cuda:0'), tensor(0.0058, device='cuda:0'), tensor(0.0058, device='cuda:0'), tensor(0.0058, device='cuda:0')]"
6,"[tensor(0.0057, device='cuda:0'), tensor(0.0058, device='cuda:0'), tensor(0.0057, device='cuda:0'), tensor(0.0057, device='cuda:0'), tensor(0.0057, device='cuda:0'), tensor(0.0057, device='cuda:0'), tensor(0.0057, device='cuda:0'), tensor(0.0057, device='cuda:0'), tensor(0.0057, device='cuda:0'), tensor(0.0057, device='cuda:0'), tensor(0.0057, device='cuda:0'), tensor(0.0057, device='cuda:0'), tensor(0.0057, device='cuda:0'), tensor(0.0057, device='cuda:0'), tensor(0.0057, device='cuda:0'), tensor(0.0058, device='cuda:0'), tensor(0.0057, device='cuda:0'), tensor(0.0057, device='cuda:0'), tensor(0.0057, device='cuda:0'), tensor(0.0057, device='cuda:0'), tensor(0.0057, device='cuda:0'), tensor(0.0057, device='cuda:0'), tensor(0.0057, device='cuda:0'), tensor(0.0058, device='cuda:0'), tensor(0.0058, device='cuda:0')]"
7,"[tensor(0.0057, device='cuda:0'), tensor(0.0057, device='cuda:0'), tensor(0.0057, device='cuda:0'), tensor(0.0057, device='cuda:0'), tensor(0.0057, device='cuda:0'), tensor(0.0057, device='cuda:0'), tensor(0.0057, device='cuda:0'), tensor(0.0057, device='cuda:0'), tensor(0.0057, device='cuda:0'), tensor(0.0057, device='cuda:0'), tensor(0.0057, device='cuda:0'), tensor(0.0057, device='cuda:0'), tensor(0.0057, device='cuda:0'), tensor(0.0057, device='cuda:0'), tensor(0.0057, device='cuda:0'), tensor(0.0057, device='cuda:0'), tensor(0.0057, device='cuda:0'), tensor(0.0057, device='cuda:0'), tensor(0.0057, device='cuda:0'), tensor(0.0057, device='cuda:0'), tensor(0.0057, device='cuda:0'), tensor(0.0057, device='cuda:0'), tensor(0.0057, device='cuda:0'), tensor(0.0057, device='cuda:0'), tensor(0.0057, device='cuda:0')]"
8,"[tensor(0.0057, device='cuda:0'), tensor(0.0057, device='cuda:0'), tensor(0.0057, device='cuda:0'), tensor(0.0057, device='cuda:0'), tensor(0.0057, device='cuda:0'), tensor(0.0057, device='cuda:0'), tensor(0.0057, device='cuda:0'), tensor(0.0057, device='cuda:0'), tensor(0.0057, device='cuda:0'), tensor(0.0057, device='cuda:0'), tensor(0.0057, device='cuda:0'), tensor(0.0057, device='cuda:0'), tensor(0.0057, device='cuda:0'), tensor(0.0057, device='cuda:0'), tensor(0.0057, device='cuda:0'), tensor(0.0057, device='cuda:0'), tensor(0.0057, device='cuda:0'), tensor(0.0057, device='cuda:0'), tensor(0.0057, device='cuda:0'), tensor(0.0057, device='cuda:0'), tensor(0.0057, device='cuda:0'), tensor(0.0057, device='cuda:0'), tensor(0.0057, device='cuda:0'), tensor(0.0057, device='cuda:0'), tensor(0.0057, device='cuda:0')]"
9,"[tensor(0.0057, device='cuda:0'), tensor(0.0057, device='cuda:0'), tensor(0.0057, device='cuda:0'), tensor(0.0057, device='cuda:0'), tensor(0.0057, device='cuda:0'), tensor(0.0057, device='cuda:0'), tensor(0.0057, device='cuda:0'), tensor(0.0057, device='cuda:0'), tensor(0.0057, device='cuda:0'), tensor(0.0057, device='cuda:0'), tensor(0.0057, device='cuda:0'), tensor(0.0057, device='cuda:0'), tensor(0.0057, device='cuda:0'), tensor(0.0057, device='cuda:0'), tensor(0.0057, device='cuda:0'), tensor(0.0057, device='cuda:0'), tensor(0.0057, device='cuda:0'), tensor(0.0057, device='cuda:0'), tensor(0.0057, device='cuda:0'), tensor(0.0057, device='cuda:0'), tensor(0.0057, device='cuda:0'), tensor(0.0057, device='cuda:0'), tensor(0.0057, device='cuda:0'), tensor(0.0057, device='cuda:0'), tensor(0.0057, device='cuda:0')]"
10,"[tensor(0.0056, device='cuda:0'), tensor(0.0056, device='cuda:0'), tensor(0.0056, device='cuda:0'), tensor(0.0056, device='cuda:0'), tensor(0.0056, device='cuda:0'), tensor(0.0056, device='cuda:0'), tensor(0.0056, device='cuda:0'), tensor(0.0056, device='cuda:0'), tensor(0.0056, device='cuda:0'), tensor(0.0056, device='cuda:0'), tensor(0.0056, device='cuda:0'), tensor(0.0056, device='cuda:0'), tensor(0.0056, device='cuda:0'), tensor(0.0056, device='cuda:0'), tensor(0.0056, device='cuda:0'), tensor(0.0056, device='cuda:0'), tensor(0.0056, device='cuda:0'), tensor(0.0056, device='cuda:0'), tensor(0.0056, device='cuda:0'), tensor(0.0056, device='cuda:0'), tensor(0.0056, device='cuda:0'), tensor(0.0056, device='cuda:0'), tensor(0.0056, device='cuda:0'), tensor(0.0056, device='cuda:0'), tensor(0.0056, device='cuda:0')]"
11,"[tensor(0.0055, device='cuda:0'), tensor(0.0055, device='cuda:0'), tensor(0.0055, device='cuda:0'), tensor(0.0055, device='cuda:0'), tensor(0.0055, device='cuda:0'), tensor(0.0055, device='cuda:0'), tensor(0.0055, device='cuda:0'), tensor(0.0055, device='cuda:0'), tensor(0.0055, device='cuda:0'), tensor(0.0055, device='cuda:0'), tensor(0.0055, device='cuda:0'), tensor(0.0055, device='cuda:0'), tensor(0.0055, device='cuda:0'), tensor(0.0055, device='cuda:0'), tensor(0.0055, device='cuda:0'), tensor(0.0055, device='cuda:0'), tensor(0.0055, device='cuda:0'), tensor(0.0056, device='cuda:0'), tensor(0.0055, device='cuda:0'), tensor(0.0055, device='cuda:0'), tensor(0.0055, device='cuda:0'), tensor(0.0055, device='cuda:0'), tensor(0.0055, device='cuda:0'), tensor(0.0055, device='cuda:0'), tensor(0.0055, device='cuda:0')]"
12,"[tensor(0.0054, device='cuda:0'), tensor(0.0054, device='cuda:0'), tensor(0.0054, device='cuda:0'), tensor(0.0054, device='cuda:0'), tensor(0.0054, device='cuda:0'), tensor(0.0055, device='cuda:0'), tensor(0.0054, device='cuda:0'), tensor(0.0055, device='cuda:0'), tensor(0.0054, device='cuda:0'), tensor(0.0054, device='cuda:0'), tensor(0.0054, device='cuda:0'), tensor(0.0054, device='cuda:0'), tensor(0.0055, device='cuda:0'), tensor(0.0054, device='cuda:0'), tensor(0.0054, device='cuda:0'), tensor(0.0054, device='cuda:0'), tensor(0.0054, device='cuda:0'), tensor(0.0054, device='cuda:0'), tensor(0.0054, device='cuda:0'), tensor(0.0054, device='cuda:0'), tensor(0.0055, device='cuda:0'), tensor(0.0054, device='cuda:0'), tensor(0.0054, device='cuda:0'), tensor(0.0054, device='cuda:0'), tensor(0.0054, device='cuda:0')]"
13,"[tensor(0.0053, device='cuda:0'), tensor(0.0053, device='cuda:0'), tensor(0.0053, device='cuda:0'), tensor(0.0053, device='cuda:0'), tensor(0.0054, device='cuda:0'), tensor(0.0053, device='cuda:0'), tensor(0.0053, device='cuda:0'), tensor(0.0053, device='cuda:0'), tensor(0.0054, device='cuda:0'), tensor(0.0054, device='cuda:0'), tensor(0.0052, device='cuda:0'), tensor(0.0053, device='cuda:0'), tensor(0.0053, device='cuda:0'), tensor(0.0053, device='cuda:0'), tensor(0.0053, device='cuda:0'), tensor(0.0054, device='cuda:0'), tensor(0.0053, device='cuda:0'), tensor(0.0054, device='cuda:0'), tensor(0.0053, device='cuda:0'), tensor(0.0053, device='cuda:0'), tensor(0.0053, device='cuda:0'), tensor(0.0053, device='cuda:0'), tensor(0.0053, device='cuda:0'), tensor(0.0054, device='cuda:0'), tensor(0.0053, device='cuda:0')]"
14,"[tensor(0.0051, device='cuda:0'), tensor(0.0052, device='cuda:0'), tensor(0.0052, device='cuda:0'), tensor(0.0051, device='cuda:0'), tensor(0.0052, device='cuda:0'), tensor(0.0053, device='cuda:0'), tensor(0.0052, device='cuda:0'), tensor(0.0053, device='cuda:0'), tensor(0.0051, device='cuda:0'), tensor(0.0052, device='cuda:0'), tensor(0.0052, device='cuda:0'), tensor(0.0052, device='cuda:0'), tensor(0.0053, device='cuda:0'), tensor(0.0051, device='cuda:0'), tensor(0.0052, device='cuda:0'), tensor(0.0052, device='cuda:0'), tensor(0.0051, device='cuda:0'), tensor(0.0052, device='cuda:0'), tensor(0.0053, device='cuda:0'), tensor(0.0052, device='cuda:0'), tensor(0.0054, device='cuda:0'), tensor(0.0052, device='cuda:0'), tensor(0.0051, device='cuda:0'), tensor(0.0052, device='cuda:0'), tensor(0.0052, device='cuda:0')]"
15,"[tensor(0.0050, device='cuda:0'), tensor(0.0052, device='cuda:0'), tensor(0.0051, device='cuda:0'), tensor(0.0050, device='cuda:0'), tensor(0.0052, device='cuda:0'), tensor(0.0051, device='cuda:0'), tensor(0.0050, device='cuda:0'), tensor(0.0051, device='cuda:0'), tensor(0.0053, device='cuda:0'), tensor(0.0053, device='cuda:0'), tensor(0.0050, device='cuda:0'), tensor(0.0051, device='cuda:0'), tensor(0.0052, device='cuda:0'), tensor(0.0050, device='cuda:0'), tensor(0.0052, device='cuda:0'), tensor(0.0053, device='cuda:0'), tensor(0.0051, device='cuda:0'), tensor(0.0052, device='cuda:0'), tensor(0.0051, device='cuda:0'), tensor(0.0050, device='cuda:0'), tensor(0.0051, device='cuda:0'), tensor(0.0052, device='cuda:0'), tensor(0.0050, device='cuda:0'), tensor(0.0053, device='cuda:0'), tensor(0.0051, device='cuda:0')]"
16,"[tensor(0.0050, device='cuda:0'), tensor(0.0051, device='cuda:0'), tensor(0.0051, device='cuda:0'), tensor(0.0049, device='cuda:0'), tensor(0.0050, device='cuda:0'), tensor(0.0051, device='cuda:0'), tensor(0.0051, device='cuda:0'), tensor(0.0052, device='cuda:0'), tensor(0.0050, device='cuda:0'), tensor(0.0050, device='cuda:0'), tensor(0.0051, device='cuda:0'), tensor(0.0051, device='cuda:0'), tensor(0.0052, device='cuda:0'), tensor(0.0050, device='cuda:0'), tensor(0.0050, device='cuda:0'), tensor(0.0051, device='cuda:0'), tensor(0.0050, device='cuda:0'), tensor(0.0050, device='cuda:0'), tensor(0.0053, device='cuda:0'), tensor(0.0050, device='cuda:0'), tensor(0.0052, device='cuda:0'), tensor(0.0050, device='cuda:0'), tensor(0.0050, device='cuda:0'), tensor(0.0050, device='cuda:0'), tensor(0.0050, device='cuda:0')]"
17,"[tensor(0.0051, device='cuda:0'), tensor(0.0051, device='cuda:0'), tensor(0.0050, device='cuda:0'), tensor(0.0049, device='cuda:0'), tensor(0.0052, device='cuda:0'), tensor(0.0049, device='cuda:0'), tensor(0.0050, device='cuda:0'), tensor(0.0049, device='cuda:0'), tensor(0.0052, device='cuda:0'), tensor(0.0052, device='cuda:0'), tensor(0.0049, device='cuda:0'), tensor(0.0049, device='cuda:0'), tensor(0.0050, device='cuda:0'), tensor(0.0050, device='cuda:0'), tensor(0.0050, device='cuda:0'), tensor(0.0051, device='cuda:0'), tensor(0.0050, device='cuda:0'), tensor(0.0051, device='cuda:0'), tensor(0.0050, device='cuda:0'), tensor(0.0050, device='cuda:0'), tensor(0.0049, device='cuda:0'), tensor(0.0051, device='cuda:0'), tensor(0.0050, device='cuda:0'), tensor(0.0052, device='cuda:0'), tensor(0.0050, device='cuda:0')]"
18,"[tensor(0.0049, device='cuda:0'), tensor(0.0049, device='cuda:0'), tensor(0.0050, device='cuda:0'), tensor(0.0049, device='cuda:0'), tensor(0.0049, device='cuda:0'), tensor(0.0050, device='cuda:0'), tensor(0.0051, device='cuda:0'), tensor(0.0051, device='cuda:0'), tensor(0.0049, device='cuda:0'), tensor(0.0049, device='cuda:0'), tensor(0.0050, device='cuda:0'), tensor(0.0051, device='cuda:0'), tensor(0.0051, device='cuda:0'), tensor(0.0049, device='cuda:0'), tensor(0.0049, device='cuda:0'), tensor(0.0049, device='cuda:0'), tensor(0.0049, device='cuda:0'), tensor(0.0049, device='cuda:0'), tensor(0.0052, device='cuda:0'), tensor(0.0049, device='cuda:0'), tensor(0.0051, device='cuda:0'), tensor(0.0049, device='cuda:0'), tensor(0.0050, device='cuda:0'), tensor(0.0050, device='cuda:0'), tensor(0.0050, device='cuda:0')]"
19,"[tensor(0.0050, device='cuda:0'), tensor(0.0050, device='cuda:0'), tensor(0.0049, device='cuda:0'), tensor(0.0049, device='cuda:0'), tensor(0.0051, device='cuda:0'), tensor(0.0048, device='cuda:0'), tensor(0.0049, device='cuda:0'), tensor(0.0048, device='cuda:0'), tensor(0.0051, device='cuda:0'), tensor(0.0051, device='cuda:0'), tensor(0.0049, device='cuda:0'), tensor(0.0048, device='cuda:0'), tensor(0.0049, device='cuda:0'), tensor(0.0049, device='cuda:0'), tensor(0.0049, device='cuda:0'), tensor(0.0050, device='cuda:0'), tensor(0.0050, device='cuda:0'), tensor(0.0050, device='cuda:0'), tensor(0.0049, device='cuda:0'), tensor(0.0049, device='cuda:0'), tensor(0.0049, device='cuda:0'), tensor(0.0049, device='cuda:0'), tensor(0.0049, device='cuda:0'), tensor(0.0051, device='cuda:0'), tensor(0.0049, device='cuda:0')]"
20,"[tensor(0.0048, device='cuda:0'), tensor(0.0048, device='cuda:0'), tensor(0.0050, device='cuda:0'), tensor(0.0049, device='cuda:0'), tensor(0.0048, device='cuda:0'), tensor(0.0049, device='cuda:0'), tensor(0.0050, device='cuda:0'), tensor(0.0050, device='cuda:0'), tensor(0.0048, device='cuda:0'), tensor(0.0048, device='cuda:0'), tensor(0.0049, device='cuda:0'), tensor(0.0050, device='cuda:0'), tensor(0.0050, device='cuda:0'), tensor(0.0048, device='cuda:0'), tensor(0.0048, device='cuda:0'), tensor(0.0049, device='cuda:0'), tensor(0.0048, device='cuda:0'), tensor(0.0048, device='cuda:0'), tensor(0.0051, device='cuda:0'), tensor(0.0049, device='cuda:0'), tensor(0.0050, device='cuda:0'), tensor(0.0048, device='cuda:0'), tensor(0.0049, device='cuda:0'), tensor(0.0049, device='cuda:0'), tensor(0.0049, device='cuda:0')]"
21,"[tensor(0.0050, device='cuda:0'), tensor(0.0049, device='cuda:0'), tensor(0.0049, device='cuda:0'), tensor(0.0048, device='cuda:0'), tensor(0.0050, device='cuda:0'), tensor(0.0047, device='cuda:0'), tensor(0.0048, device='cuda:0'), tensor(0.0048, device='cuda:0'), tensor(0.0050, device='cuda:0'), tensor(0.0050, device='cuda:0'), tensor(0.0049, device='cuda:0'), tensor(0.0048, device='cuda:0'), tensor(0.0048, device='cuda:0'), tensor(0.0049, device='cuda:0'), tensor(0.0048, device='cuda:0'), tensor(0.0050, device='cuda:0'), tensor(0.0049, device='cuda:0'), tensor(0.0049, device='cuda:0'), tensor(0.0048, device='cuda:0'), tensor(0.0049, device='cuda:0'), tensor(0.0048, device='cuda:0'), tensor(0.0047, device='cuda:0'), tensor(0.0048, device='cuda:0'), tensor(0.0050, device='cuda:0'), tensor(0.0049, device='cuda:0')]"
22,"[tensor(0.0048, device='cuda:0'), tensor(0.0048, device='cuda:0'), tensor(0.0049, device='cuda:0'), tensor(0.0048, device='cuda:0'), tensor(0.0048, device='cuda:0'), tensor(0.0048, device='cuda:0'), tensor(0.0049, device='cuda:0'), tensor(0.0049, device='cuda:0'), tensor(0.0047, device='cuda:0'), tensor(0.0047, device='cuda:0'), tensor(0.0048, device='cuda:0'), tensor(0.0049, device='cuda:0'), tensor(0.0049, device='cuda:0'), tensor(0.0047, device='cuda:0'), tensor(0.0048, device='cuda:0'), tensor(0.0049, device='cuda:0'), tensor(0.0047, device='cuda:0'), tensor(0.0047, device='cuda:0'), tensor(0.0049, device='cuda:0'), tensor(0.0048, device='cuda:0'), tensor(0.0049, device='cuda:0'), tensor(0.0049, device='cuda:0'), tensor(0.0048, device='cuda:0'), tensor(0.0049, device='cuda:0'), tensor(0.0048, device='cuda:0')]"
23,"[tensor(0.0048, device='cuda:0'), tensor(0.0048, device='cuda:0'), tensor(0.0048, device='cuda:0'), tensor(0.0047, device='cuda:0'), tensor(0.0049, device='cuda:0'), tensor(0.0047, device='cuda:0'), tensor(0.0047, device='cuda:0'), tensor(0.0047, device='cuda:0'), tensor(0.0048, device='cuda:0'), tensor(0.0049, device='cuda:0'), tensor(0.0049, device='cuda:0'), tensor(0.0047, device='cuda:0'), tensor(0.0047, device='cuda:0'), tensor(0.0048, device='cuda:0'), tensor(0.0047, device='cuda:0'), tensor(0.0049, device='cuda:0'), tensor(0.0048, device='cuda:0'), tensor(0.0049, device='cuda:0'), tensor(0.0047, device='cuda:0'), tensor(0.0048, device='cuda:0'), tensor(0.0047, device='cuda:0'), tensor(0.0047, device='cuda:0'), tensor(0.0047, device='cuda:0'), tensor(0.0049, device='cuda:0'), tensor(0.0049, device='cuda:0')]"
24,"[tensor(0.0047, device='cuda:0'), tensor(0.0047, device='cuda:0'), tensor(0.0048, device='cuda:0'), tensor(0.0048, device='cuda:0'), tensor(0.0047, device='cuda:0'), tensor(0.0048, device='cuda:0'), tensor(0.0048, device='cuda:0'), tensor(0.0047, device='cuda:0'), tensor(0.0046, device='cuda:0'), tensor(0.0047, device='cuda:0'), tensor(0.0047, device='cuda:0'), tensor(0.0048, device='cuda:0'), tensor(0.0048, device='cuda:0'), tensor(0.0047, device='cuda:0'), tensor(0.0047, device='cuda:0'), tensor(0.0048, device='cuda:0'), tensor(0.0046, device='cuda:0'), tensor(0.0047, device='cuda:0'), tensor(0.0048, device='cuda:0'), tensor(0.0047, device='cuda:0'), tensor(0.0048, device='cuda:0'), tensor(0.0049, device='cuda:0'), tensor(0.0047, device='cuda:0'), tensor(0.0049, device='cuda:0'), tensor(0.0048, device='cuda:0')]"
25,"[tensor(0.0047, device='cuda:0'), tensor(0.0048, device='cuda:0'), tensor(0.0048, device='cuda:0'), tensor(0.0047, device='cuda:0'), tensor(0.0048, device='cuda:0'), tensor(0.0047, device='cuda:0'), tensor(0.0047, device='cuda:0'), tensor(0.0046, device='cuda:0'), tensor(0.0048, device='cuda:0'), tensor(0.0048, device='cuda:0'), tensor(0.0048, device='cuda:0'), tensor(0.0046, device='cuda:0'), tensor(0.0046, device='cuda:0'), tensor(0.0047, device='cuda:0'), tensor(0.0047, device='cuda:0'), tensor(0.0048, device='cuda:0'), tensor(0.0047, device='cuda:0'), tensor(0.0048, device='cuda:0'), tensor(0.0047, device='cuda:0'), tensor(0.0048, device='cuda:0'), tensor(0.0046, device='cuda:0'), tensor(0.0047, device='cuda:0'), tensor(0.0046, device='cuda:0'), tensor(0.0049, device='cuda:0'), tensor(0.0049, device='cuda:0')]"
26,"[tensor(0.0046, device='cuda:0'), tensor(0.0047, device='cuda:0'), tensor(0.0048, device='cuda:0'), tensor(0.0047, device='cuda:0'), tensor(0.0046, device='cuda:0'), tensor(0.0047, device='cuda:0'), tensor(0.0047, device='cuda:0'), tensor(0.0046, device='cuda:0'), tensor(0.0047, device='cuda:0'), tensor(0.0046, device='cuda:0'), tensor(0.0046, device='cuda:0'), tensor(0.0047, device='cuda:0'), tensor(0.0048, device='cuda:0'), tensor(0.0046, device='cuda:0'), tensor(0.0046, device='cuda:0'), tensor(0.0048, device='cuda:0'), tensor(0.0046, device='cuda:0'), tensor(0.0047, device='cuda:0'), tensor(0.0046, device='cuda:0'), tensor(0.0046, device='cuda:0'), tensor(0.0048, device='cuda:0'), tensor(0.0048, device='cuda:0'), tensor(0.0046, device='cuda:0'), tensor(0.0048, device='cuda:0'), tensor(0.0047, device='cuda:0')]"
27,"[tensor(0.0046, device='cuda:0'), tensor(0.0047, device='cuda:0'), tensor(0.0047, device='cuda:0'), tensor(0.0046, device='cuda:0'), tensor(0.0047, device='cuda:0'), tensor(0.0046, device='cuda:0'), tensor(0.0046, device='cuda:0'), tensor(0.0047, device='cuda:0'), tensor(0.0047, device='cuda:0'), tensor(0.0047, device='cuda:0'), tensor(0.0047, device='cuda:0'), tensor(0.0046, device='cuda:0'), tensor(0.0046, device='cuda:0'), tensor(0.0047, device='cuda:0'), tensor(0.0046, device='cuda:0'), tensor(0.0047, device='cuda:0'), tensor(0.0047, device='cuda:0'), tensor(0.0047, device='cuda:0'), tensor(0.0046, device='cuda:0'), tensor(0.0047, device='cuda:0'), tensor(0.0045, device='cuda:0'), tensor(0.0047, device='cuda:0'), tensor(0.0046, device='cuda:0'), tensor(0.0048, device='cuda:0'), tensor(0.0048, device='cuda:0')]"
28,"[tensor(0.0045, device='cuda:0'), tensor(0.0046, device='cuda:0'), tensor(0.0047, device='cuda:0'), tensor(0.0046, device='cuda:0'), tensor(0.0046, device='cuda:0'), tensor(0.0046, device='cuda:0'), tensor(0.0047, device='cuda:0'), tensor(0.0046, device='cuda:0'), tensor(0.0047, device='cuda:0'), tensor(0.0045, device='cuda:0'), tensor(0.0046, device='cuda:0'), tensor(0.0046, device='cuda:0'), tensor(0.0047, device='cuda:0'), tensor(0.0046, device='cuda:0'), tensor(0.0046, device='cuda:0'), tensor(0.0047, device='cuda:0'), tensor(0.0045, device='cuda:0'), tensor(0.0046, device='cuda:0'), tensor(0.0045, device='cuda:0'), tensor(0.0046, device='cuda:0'), tensor(0.0047, device='cuda:0'), tensor(0.0047, device='cuda:0'), tensor(0.0046, device='cuda:0'), tensor(0.0048, device='cuda:0'), tensor(0.0046, device='cuda:0')]"
29,"[tensor(0.0044, device='cuda:0'), tensor(0.0046, device='cuda:0'), tensor(0.0047, device='cuda:0'), tensor(0.0046, device='cuda:0'), tensor(0.0046, device='cuda:0'), tensor(0.0046, device='cuda:0'), tensor(0.0046, device='cuda:0'), tensor(0.0047, device='cuda:0'), tensor(0.0046, device='cuda:0'), tensor(0.0046, device='cuda:0'), tensor(0.0047, device='cuda:0'), tensor(0.0046, device='cuda:0'), tensor(0.0045, device='cuda:0'), tensor(0.0046, device='cuda:0'), tensor(0.0046, device='cuda:0'), tensor(0.0047, device='cuda:0'), tensor(0.0046, device='cuda:0'), tensor(0.0046, device='cuda:0'), tensor(0.0046, device='cuda:0'), tensor(0.0046, device='cuda:0'), tensor(0.0045, device='cuda:0'), tensor(0.0046, device='cuda:0'), tensor(0.0045, device='cuda:0'), tensor(0.0047, device='cuda:0'), tensor(0.0047, device='cuda:0')]"
30,"[tensor(0.0045, device='cuda:0'), tensor(0.0046, device='cuda:0'), tensor(0.0046, device='cuda:0'), tensor(0.0045, device='cuda:0'), tensor(0.0045, device='cuda:0'), tensor(0.0046, device='cuda:0'), tensor(0.0047, device='cuda:0'), tensor(0.0045, device='cuda:0'), tensor(0.0047, device='cuda:0'), tensor(0.0045, device='cuda:0'), tensor(0.0045, device='cuda:0'), tensor(0.0045, device='cuda:0'), tensor(0.0046, device='cuda:0'), tensor(0.0045, device='cuda:0'), tensor(0.0045, device='cuda:0'), tensor(0.0047, device='cuda:0'), tensor(0.0045, device='cuda:0'), tensor(0.0046, device='cuda:0'), tensor(0.0044, device='cuda:0'), tensor(0.0045, device='cuda:0'), tensor(0.0047, device='cuda:0'), tensor(0.0046, device='cuda:0'), tensor(0.0045, device='cuda:0'), tensor(0.0047, device='cuda:0'), tensor(0.0046, device='cuda:0')]"
31,"[tensor(0.0044, device='cuda:0'), tensor(0.0045, device='cuda:0'), tensor(0.0046, device='cuda:0'), tensor(0.0045, device='cuda:0'), tensor(0.0046, device='cuda:0'), tensor(0.0045, device='cuda:0'), tensor(0.0045, device='cuda:0'), tensor(0.0047, device='cuda:0'), tensor(0.0045, device='cuda:0'), tensor(0.0045, device='cuda:0'), tensor(0.0046, device='cuda:0'), tensor(0.0045, device='cuda:0'), tensor(0.0045, device='cuda:0'), tensor(0.0045, device='cuda:0'), tensor(0.0046, device='cuda:0'), tensor(0.0046, device='cuda:0'), tensor(0.0045, device='cuda:0'), tensor(0.0046, device='cuda:0'), tensor(0.0046, device='cuda:0'), tensor(0.0046, device='cuda:0'), tensor(0.0045, device='cuda:0'), tensor(0.0046, device='cuda:0'), tensor(0.0044, device='cuda:0'), tensor(0.0047, device='cuda:0'), tensor(0.0046, device='cuda:0')]"
32,"[tensor(0.0046, device='cuda:0'), tensor(0.0046, device='cuda:0'), tensor(0.0045, device='cuda:0'), tensor(0.0044, device='cuda:0'), tensor(0.0045, device='cuda:0'), tensor(0.0045, device='cuda:0'), tensor(0.0046, device='cuda:0'), tensor(0.0045, device='cuda:0'), tensor(0.0046, device='cuda:0'), tensor(0.0045, device='cuda:0'), tensor(0.0045, device='cuda:0'), tensor(0.0044, device='cuda:0'), tensor(0.0045, device='cuda:0'), tensor(0.0045, device='cuda:0'), tensor(0.0044, device='cuda:0'), tensor(0.0046, device='cuda:0'), tensor(0.0044, device='cuda:0'), tensor(0.0046, device='cuda:0'), tensor(0.0044, device='cuda:0'), tensor(0.0045, device='cuda:0'), tensor(0.0046, device='cuda:0'), tensor(0.0045, device='cuda:0'), tensor(0.0045, device='cuda:0'), tensor(0.0046, device='cuda:0'), tensor(0.0045, device='cuda:0')]"
33,"[tensor(0.0045, device='cuda:0'), tensor(0.0044, device='cuda:0'), tensor(0.0046, device='cuda:0'), tensor(0.0045, device='cuda:0'), tensor(0.0045, device='cuda:0'), tensor(0.0044, device='cuda:0'), tensor(0.0045, device='cuda:0'), tensor(0.0046, device='cuda:0'), tensor(0.0044, device='cuda:0'), tensor(0.0044, device='cuda:0'), tensor(0.0045, device='cuda:0'), tensor(0.0045, device='cuda:0'), tensor(0.0044, device='cuda:0'), tensor(0.0044, device='cuda:0'), tensor(0.0045, device='cuda:0'), tensor(0.0045, device='cuda:0'), tensor(0.0044, device='cuda:0'), tensor(0.0045, device='cuda:0'), tensor(0.0046, device='cuda:0'), tensor(0.0045, device='cuda:0'), tensor(0.0046, device='cuda:0'), tensor(0.0046, device='cuda:0'), tensor(0.0044, device='cuda:0'), tensor(0.0046, device='cuda:0'), tensor(0.0046, device='cuda:0')]"
34,"[tensor(0.0045, device='cuda:0'), tensor(0.0046, device='cuda:0'), tensor(0.0045, device='cuda:0'), tensor(0.0043, device='cuda:0'), tensor(0.0044, device='cuda:0'), tensor(0.0045, device='cuda:0'), tensor(0.0046, device='cuda:0'), tensor(0.0044, device='cuda:0'), tensor(0.0046, device='cuda:0'), tensor(0.0045, device='cuda:0'), tensor(0.0045, device='cuda:0'), tensor(0.0043, device='cuda:0'), tensor(0.0045, device='cuda:0'), tensor(0.0044, device='cuda:0'), tensor(0.0043, device='cuda:0'), tensor(0.0045, device='cuda:0'), tensor(0.0044, device='cuda:0'), tensor(0.0045, device='cuda:0'), tensor(0.0044, device='cuda:0'), tensor(0.0044, device='cuda:0'), tensor(0.0045, device='cuda:0'), tensor(0.0045, device='cuda:0'), tensor(0.0044, device='cuda:0'), tensor(0.0045, device='cuda:0'), tensor(0.0044, device='cuda:0')]"
35,"[tensor(0.0044, device='cuda:0'), tensor(0.0044, device='cuda:0'), tensor(0.0046, device='cuda:0'), tensor(0.0044, device='cuda:0'), tensor(0.0044, device='cuda:0'), tensor(0.0043, device='cuda:0'), tensor(0.0045, device='cuda:0'), tensor(0.0045, device='cuda:0'), tensor(0.0044, device='cuda:0'), tensor(0.0043, device='cuda:0'), tensor(0.0044, device='cuda:0'), tensor(0.0044, device='cuda:0'), tensor(0.0044, device='cuda:0'), tensor(0.0043, device='cuda:0'), tensor(0.0044, device='cuda:0'), tensor(0.0045, device='cuda:0'), tensor(0.0043, device='cuda:0'), tensor(0.0045, device='cuda:0'), tensor(0.0046, device='cuda:0'), tensor(0.0045, device='cuda:0'), tensor(0.0046, device='cuda:0'), tensor(0.0046, device='cuda:0'), tensor(0.0044, device='cuda:0'), tensor(0.0046, device='cuda:0'), tensor(0.0045, device='cuda:0')]"
36,"[tensor(0.0044, device='cuda:0'), tensor(0.0046, device='cuda:0'), tensor(0.0044, device='cuda:0'), tensor(0.0043, device='cuda:0'), tensor(0.0044, device='cuda:0'), tensor(0.0045, device='cuda:0'), tensor(0.0045, device='cuda:0'), tensor(0.0044, device='cuda:0'), tensor(0.0045, device='cuda:0'), tensor(0.0045, device='cuda:0'), tensor(0.0045, device='cuda:0'), tensor(0.0042, device='cuda:0'), tensor(0.0044, device='cuda:0'), tensor(0.0044, device='cuda:0'), tensor(0.0043, device='cuda:0'), tensor(0.0045, device='cuda:0'), tensor(0.0044, device='cuda:0'), tensor(0.0045, device='cuda:0'), tensor(0.0044, device='cuda:0'), tensor(0.0044, device='cuda:0'), tensor(0.0044, device='cuda:0'), tensor(0.0044, device='cuda:0'), tensor(0.0043, device='cuda:0'), tensor(0.0044, device='cuda:0'), tensor(0.0044, device='cuda:0')]"
37,"[tensor(0.0044, device='cuda:0'), tensor(0.0044, device='cuda:0'), tensor(0.0045, device='cuda:0'), tensor(0.0043, device='cuda:0'), tensor(0.0044, device='cuda:0'), tensor(0.0042, device='cuda:0'), tensor(0.0044, device='cuda:0'), tensor(0.0045, device='cuda:0'), tensor(0.0043, device='cuda:0'), tensor(0.0043, device='cuda:0'), tensor(0.0044, device='cuda:0'), tensor(0.0044, device='cuda:0'), tensor(0.0043, device='cuda:0'), tensor(0.0043, device='cuda:0'), tensor(0.0044, device='cuda:0'), tensor(0.0044, device='cuda:0'), tensor(0.0043, device='cuda:0'), tensor(0.0044, device='cuda:0'), tensor(0.0045, device='cuda:0'), tensor(0.0044, device='cuda:0'), tensor(0.0045, device='cuda:0'), tensor(0.0046, device='cuda:0'), tensor(0.0044, device='cuda:0'), tensor(0.0045, device='cuda:0'), tensor(0.0045, device='cuda:0')]"
38,"[tensor(0.0044, device='cuda:0'), tensor(0.0045, device='cuda:0'), tensor(0.0044, device='cuda:0'), tensor(0.0043, device='cuda:0'), tensor(0.0044, device='cuda:0'), tensor(0.0044, device='cuda:0'), tensor(0.0044, device='cuda:0'), tensor(0.0044, device='cuda:0'), tensor(0.0045, device='cuda:0'), tensor(0.0044, device='cuda:0'), tensor(0.0044, device='cuda:0'), tensor(0.0042, device='cuda:0'), tensor(0.0044, device='cuda:0'), tensor(0.0044, device='cuda:0'), tensor(0.0043, device='cuda:0'), tensor(0.0044, device='cuda:0'), tensor(0.0045, device='cuda:0'), tensor(0.0045, device='cuda:0'), tensor(0.0044, device='cuda:0'), tensor(0.0043, device='cuda:0'), tensor(0.0044, device='cuda:0'), tensor(0.0044, device='cuda:0'), tensor(0.0043, device='cuda:0'), tensor(0.0043, device='cuda:0'), tensor(0.0044, device='cuda:0')]"
39,"[tensor(0.0043, device='cuda:0'), tensor(0.0044, device='cuda:0'), tensor(0.0045, device='cuda:0'), tensor(0.0043, device='cuda:0'), tensor(0.0044, device='cuda:0'), tensor(0.0042, device='cuda:0'), tensor(0.0044, device='cuda:0'), tensor(0.0045, device='cuda:0'), tensor(0.0043, device='cuda:0'), tensor(0.0043, device='cuda:0'), tensor(0.0043, device='cuda:0'), tensor(0.0043, device='cuda:0'), tensor(0.0043, device='cuda:0'), tensor(0.0042, device='cuda:0'), tensor(0.0043, device='cuda:0'), tensor(0.0044, device='cuda:0'), tensor(0.0043, device='cuda:0'), tensor(0.0044, device='cuda:0'), tensor(0.0045, device='cuda:0'), tensor(0.0044, device='cuda:0'), tensor(0.0045, device='cuda:0'), tensor(0.0046, device='cuda:0'), tensor(0.0043, device='cuda:0'), tensor(0.0044, device='cuda:0'), tensor(0.0045, device='cuda:0')]"
40,"[tensor(0.0043, device='cuda:0'), tensor(0.0045, device='cuda:0'), tensor(0.0044, device='cuda:0'), tensor(0.0042, device='cuda:0'), tensor(0.0044, device='cuda:0'), tensor(0.0044, device='cuda:0'), tensor(0.0043, device='cuda:0'), tensor(0.0043, device='cuda:0'), tensor(0.0044, device='cuda:0'), tensor(0.0043, device='cuda:0'), tensor(0.0044, device='cuda:0'), tensor(0.0041, device='cuda:0'), tensor(0.0043, device='cuda:0'), tensor(0.0043, device='cuda:0'), tensor(0.0042, device='cuda:0'), tensor(0.0044, device='cuda:0'), tensor(0.0045, device='cuda:0'), tensor(0.0044, device='cuda:0'), tensor(0.0043, device='cuda:0'), tensor(0.0043, device='cuda:0'), tensor(0.0043, device='cuda:0'), tensor(0.0044, device='cuda:0'), tensor(0.0042, device='cuda:0'), tensor(0.0043, device='cuda:0'), tensor(0.0043, device='cuda:0')]"
41,"[tensor(0.0043, device='cuda:0'), tensor(0.0043, device='cuda:0'), tensor(0.0044, device='cuda:0'), tensor(0.0043, device='cuda:0'), tensor(0.0043, device='cuda:0'), tensor(0.0042, device='cuda:0'), tensor(0.0044, device='cuda:0'), tensor(0.0045, device='cuda:0'), tensor(0.0043, device='cuda:0'), tensor(0.0043, device='cuda:0'), tensor(0.0043, device='cuda:0'), tensor(0.0043, device='cuda:0'), tensor(0.0043, device='cuda:0'), tensor(0.0042, device='cuda:0'), tensor(0.0043, device='cuda:0'), tensor(0.0043, device='cuda:0'), tensor(0.0042, device='cuda:0'), tensor(0.0044, device='cuda:0'), tensor(0.0044, device='cuda:0'), tensor(0.0043, device='cuda:0'), tensor(0.0044, device='cuda:0'), tensor(0.0046, device='cuda:0'), tensor(0.0043, device='cuda:0'), tensor(0.0044, device='cuda:0'), tensor(0.0044, device='cuda:0')]"
42,"[tensor(0.0043, device='cuda:0'), tensor(0.0044, device='cuda:0'), tensor(0.0043, device='cuda:0'), tensor(0.0042, device='cuda:0'), tensor(0.0044, device='cuda:0'), tensor(0.0044, device='cuda:0'), tensor(0.0043, device='cuda:0'), tensor(0.0043, device='cuda:0'), tensor(0.0043, device='cuda:0'), tensor(0.0043, device='cuda:0'), tensor(0.0044, device='cuda:0'), tensor(0.0041, device='cuda:0'), tensor(0.0043, device='cuda:0'), tensor(0.0043, device='cuda:0'), tensor(0.0042, device='cuda:0'), tensor(0.0044, device='cuda:0'), tensor(0.0045, device='cuda:0'), tensor(0.0043, device='cuda:0'), tensor(0.0043, device='cuda:0'), tensor(0.0042, device='cuda:0'), tensor(0.0043, device='cuda:0'), tensor(0.0044, device='cuda:0'), tensor(0.0042, device='cuda:0'), tensor(0.0043, device='cuda:0'), tensor(0.0043, device='cuda:0')]"
43,"[tensor(0.0042, device='cuda:0'), tensor(0.0043, device='cuda:0'), tensor(0.0044, device='cuda:0'), tensor(0.0043, device='cuda:0'), tensor(0.0043, device='cuda:0'), tensor(0.0041, device='cuda:0'), tensor(0.0043, device='cuda:0'), tensor(0.0044, device='cuda:0'), tensor(0.0044, device='cuda:0'), tensor(0.0042, device='cuda:0'), tensor(0.0043, device='cuda:0'), tensor(0.0043, device='cuda:0'), tensor(0.0042, device='cuda:0'), tensor(0.0042, device='cuda:0'), tensor(0.0043, device='cuda:0'), tensor(0.0043, device='cuda:0'), tensor(0.0042, device='cuda:0'), tensor(0.0044, device='cuda:0'), tensor(0.0044, device='cuda:0'), tensor(0.0043, device='cuda:0'), tensor(0.0043, device='cuda:0'), tensor(0.0046, device='cuda:0'), tensor(0.0042, device='cuda:0'), tensor(0.0044, device='cuda:0'), tensor(0.0043, device='cuda:0')]"
44,"[tensor(0.0043, device='cuda:0'), tensor(0.0044, device='cuda:0'), tensor(0.0043, device='cuda:0'), tensor(0.0042, device='cuda:0'), tensor(0.0044, device='cuda:0'), tensor(0.0044, device='cuda:0'), tensor(0.0042, device='cuda:0'), tensor(0.0043, device='cuda:0'), tensor(0.0043, device='cuda:0'), tensor(0.0042, device='cuda:0'), tensor(0.0044, device='cuda:0'), tensor(0.0042, device='cuda:0'), tensor(0.0043, device='cuda:0'), tensor(0.0043, device='cuda:0'), tensor(0.0041, device='cuda:0'), tensor(0.0043, device='cuda:0'), tensor(0.0044, device='cuda:0'), tensor(0.0042, device='cuda:0'), tensor(0.0043, device='cuda:0'), tensor(0.0042, device='cuda:0'), tensor(0.0042, device='cuda:0'), tensor(0.0043, device='cuda:0'), tensor(0.0042, device='cuda:0'), tensor(0.0042, device='cuda:0'), tensor(0.0043, device='cuda:0')]"
45,"[tensor(0.0042, device='cuda:0'), tensor(0.0043, device='cuda:0'), tensor(0.0043, device='cuda:0'), tensor(0.0043, device='cuda:0'), tensor(0.0043, device='cuda:0'), tensor(0.0041, device='cuda:0'), tensor(0.0043, device='cuda:0'), tensor(0.0044, device='cuda:0'), tensor(0.0044, device='cuda:0'), tensor(0.0042, device='cuda:0'), tensor(0.0042, device='cuda:0'), tensor(0.0043, device='cuda:0'), tensor(0.0042, device='cuda:0'), tensor(0.0042, device='cuda:0'), tensor(0.0043, device='cuda:0'), tensor(0.0043, device='cuda:0'), tensor(0.0042, device='cuda:0'), tensor(0.0043, device='cuda:0'), tensor(0.0044, device='cuda:0'), tensor(0.0042, device='cuda:0'), tensor(0.0043, device='cuda:0'), tensor(0.0046, device='cuda:0'), tensor(0.0042, device='cuda:0'), tensor(0.0044, device='cuda:0'), tensor(0.0042, device='cuda:0')]"
46,"[tensor(0.0043, device='cuda:0'), tensor(0.0044, device='cuda:0'), tensor(0.0043, device='cuda:0'), tensor(0.0042, device='cuda:0'), tensor(0.0044, device='cuda:0'), tensor(0.0043, device='cuda:0'), tensor(0.0042, device='cuda:0'), tensor(0.0043, device='cuda:0'), tensor(0.0043, device='cuda:0'), tensor(0.0042, device='cuda:0'), tensor(0.0044, device='cuda:0'), tensor(0.0042, device='cuda:0'), tensor(0.0043, device='cuda:0'), tensor(0.0043, device='cuda:0'), tensor(0.0041, device='cuda:0'), tensor(0.0043, device='cuda:0'), tensor(0.0044, device='cuda:0'), tensor(0.0041, device='cuda:0'), tensor(0.0043, device='cuda:0'), tensor(0.0043, device='cuda:0'), tensor(0.0042, device='cuda:0'), tensor(0.0042, device='cuda:0'), tensor(0.0042, device='cuda:0'), tensor(0.0042, device='cuda:0'), tensor(0.0043, device='cuda:0')]"
47,"[tensor(0.0042, device='cuda:0'), tensor(0.0042, device='cuda:0'), tensor(0.0042, device='cuda:0'), tensor(0.0043, device='cuda:0'), tensor(0.0043, device='cuda:0'), tensor(0.0041, device='cuda:0'), tensor(0.0043, device='cuda:0'), tensor(0.0043, device='cuda:0'), tensor(0.0044, device='cuda:0'), tensor(0.0042, device='cuda:0'), tensor(0.0042, device='cuda:0'), tensor(0.0042, device='cuda:0'), tensor(0.0041, device='cuda:0'), tensor(0.0041, device='cuda:0'), tensor(0.0043, device='cuda:0'), tensor(0.0043, device='cuda:0'), tensor(0.0042, device='cuda:0'), tensor(0.0044, device='cuda:0'), tensor(0.0044, device='cuda:0'), tensor(0.0042, device='cuda:0'), tensor(0.0042, device='cuda:0'), tensor(0.0046, device='cuda:0'), tensor(0.0041, device='cuda:0'), tensor(0.0044, device='cuda:0'), tensor(0.0042, device='cuda:0')]"
48,"[tensor(0.0042, device='cuda:0'), tensor(0.0043, device='cuda:0'), tensor(0.0042, device='cuda:0'), tensor(0.0042, device='cuda:0'), tensor(0.0043, device='cuda:0'), tensor(0.0043, device='cuda:0'), tensor(0.0042, device='cuda:0'), tensor(0.0043, device='cuda:0'), tensor(0.0042, device='cuda:0'), tensor(0.0041, device='cuda:0'), tensor(0.0044, device='cuda:0'), tensor(0.0042, device='cuda:0'), tensor(0.0043, device='cuda:0'), tensor(0.0043, device='cuda:0'), tensor(0.0041, device='cuda:0'), tensor(0.0042, device='cuda:0'), tensor(0.0043, device='cuda:0'), tensor(0.0040, device='cuda:0'), tensor(0.0043, device='cuda:0'), tensor(0.0043, device='cuda:0'), tensor(0.0042, device='cuda:0'), tensor(0.0042, device='cuda:0'), tensor(0.0042, device='cuda:0'), tensor(0.0041, device='cuda:0'), tensor(0.0043, device='cuda:0')]"
49,"[tensor(0.0042, device='cuda:0'), tensor(0.0042, device='cuda:0'), tensor(0.0042, device='cuda:0'), tensor(0.0043, device='cuda:0'), tensor(0.0043, device='cuda:0'), tensor(0.0042, device='cuda:0'), tensor(0.0043, device='cuda:0'), tensor(0.0042, device='cuda:0'), tensor(0.0043, device='cuda:0'), tensor(0.0042, device='cuda:0'), tensor(0.0041, device='cuda:0'), tensor(0.0042, device='cuda:0'), tensor(0.0040, device='cuda:0'), tensor(0.0041, device='cuda:0'), tensor(0.0043, device='cuda:0'), tensor(0.0043, device='cuda:0'), tensor(0.0042, device='cuda:0'), tensor(0.0044, device='cuda:0'), tensor(0.0043, device='cuda:0'), tensor(0.0041, device='cuda:0'), tensor(0.0042, device='cuda:0'), tensor(0.0045, device='cuda:0'), tensor(0.0041, device='cuda:0'), tensor(0.0043, device='cuda:0'), tensor(0.0041, device='cuda:0')]"
50,"[tensor(0.0042, device='cuda:0'), tensor(0.0042, device='cuda:0'), tensor(0.0042, device='cuda:0'), tensor(0.0041, device='cuda:0'), tensor(0.0043, device='cuda:0'), tensor(0.0043, device='cuda:0'), tensor(0.0041, device='cuda:0'), tensor(0.0044, device='cuda:0'), tensor(0.0042, device='cuda:0'), tensor(0.0041, device='cuda:0'), tensor(0.0044, device='cuda:0'), tensor(0.0042, device='cuda:0'), tensor(0.0043, device='cuda:0'), tensor(0.0043, device='cuda:0'), tensor(0.0041, device='cuda:0'), tensor(0.0042, device='cuda:0'), tensor(0.0043, device='cuda:0'), tensor(0.0039, device='cuda:0'), tensor(0.0043, device='cuda:0'), tensor(0.0043, device='cuda:0'), tensor(0.0041, device='cuda:0'), tensor(0.0042, device='cuda:0'), tensor(0.0042, device='cuda:0'), tensor(0.0041, device='cuda:0'), tensor(0.0043, device='cuda:0')]"
51,"[tensor(0.0042, device='cuda:0'), tensor(0.0042, device='cuda:0'), tensor(0.0041, device='cuda:0'), tensor(0.0043, device='cuda:0'), tensor(0.0043, device='cuda:0'), tensor(0.0042, device='cuda:0'), tensor(0.0043, device='cuda:0'), tensor(0.0041, device='cuda:0'), tensor(0.0043, device='cuda:0'), tensor(0.0042, device='cuda:0'), tensor(0.0041, device='cuda:0'), tensor(0.0042, device='cuda:0'), tensor(0.0039, device='cuda:0'), tensor(0.0041, device='cuda:0'), tensor(0.0043, device='cuda:0'), tensor(0.0043, device='cuda:0'), tensor(0.0042, device='cuda:0'), tensor(0.0044, device='cuda:0'), tensor(0.0043, device='cuda:0'), tensor(0.0041, device='cuda:0'), tensor(0.0042, device='cuda:0'), tensor(0.0044, device='cuda:0'), tensor(0.0042, device='cuda:0'), tensor(0.0043, device='cuda:0'), tensor(0.0040, device='cuda:0')]"
52,"[tensor(0.0041, device='cuda:0'), tensor(0.0042, device='cuda:0'), tensor(0.0042, device='cuda:0'), tensor(0.0041, device='cuda:0'), tensor(0.0042, device='cuda:0'), tensor(0.0043, device='cuda:0'), tensor(0.0041, device='cuda:0'), tensor(0.0044, device='cuda:0'), tensor(0.0042, device='cuda:0'), tensor(0.0040, device='cuda:0'), tensor(0.0044, device='cuda:0'), tensor(0.0042, device='cuda:0'), tensor(0.0043, device='cuda:0'), tensor(0.0043, device='cuda:0'), tensor(0.0041, device='cuda:0'), tensor(0.0041, device='cuda:0'), tensor(0.0042, device='cuda:0'), tensor(0.0039, device='cuda:0'), tensor(0.0043, device='cuda:0'), tensor(0.0043, device='cuda:0'), tensor(0.0042, device='cuda:0'), tensor(0.0042, device='cuda:0'), tensor(0.0041, device='cuda:0'), tensor(0.0042, device='cuda:0'), tensor(0.0043, device='cuda:0')]"
53,"[tensor(0.0043, device='cuda:0'), tensor(0.0042, device='cuda:0'), tensor(0.0040, device='cuda:0'), tensor(0.0043, device='cuda:0'), tensor(0.0043, device='cuda:0'), tensor(0.0042, device='cuda:0'), tensor(0.0044, device='cuda:0'), tensor(0.0041, device='cuda:0'), tensor(0.0043, device='cuda:0'), tensor(0.0042, device='cuda:0'), tensor(0.0041, device='cuda:0'), tensor(0.0041, device='cuda:0'), tensor(0.0039, device='cuda:0'), tensor(0.0040, device='cuda:0'), tensor(0.0043, device='cuda:0'), tensor(0.0043, device='cuda:0'), tensor(0.0042, device='cuda:0'), tensor(0.0043, device='cuda:0'), tensor(0.0042, device='cuda:0'), tensor(0.0041, device='cuda:0'), tensor(0.0041, device='cuda:0'), tensor(0.0044, device='cuda:0'), tensor(0.0042, device='cuda:0'), tensor(0.0042, device='cuda:0'), tensor(0.0040, device='cuda:0')]"
54,"[tensor(0.0041, device='cuda:0'), tensor(0.0042, device='cuda:0'), tensor(0.0043, device='cuda:0'), tensor(0.0042, device='cuda:0'), tensor(0.0041, device='cuda:0'), tensor(0.0042, device='cuda:0'), tensor(0.0041, device='cuda:0'), tensor(0.0044, device='cuda:0'), tensor(0.0042, device='cuda:0'), tensor(0.0040, device='cuda:0'), tensor(0.0043, device='cuda:0'), tensor(0.0043, device='cuda:0'), tensor(0.0043, device='cuda:0'), tensor(0.0042, device='cuda:0'), tensor(0.0041, device='cuda:0'), tensor(0.0041, device='cuda:0'), tensor(0.0041, device='cuda:0'), tensor(0.0039, device='cuda:0'), tensor(0.0043, device='cuda:0'), tensor(0.0043, device='cuda:0'), tensor(0.0042, device='cuda:0'), tensor(0.0042, device='cuda:0'), tensor(0.0041, device='cuda:0'), tensor(0.0042, device='cuda:0'), tensor(0.0043, device='cuda:0')]"
55,"[tensor(0.0043, device='cuda:0'), tensor(0.0042, device='cuda:0'), tensor(0.0040, device='cuda:0'), tensor(0.0042, device='cuda:0'), tensor(0.0043, device='cuda:0'), tensor(0.0041, device='cuda:0'), tensor(0.0044, device='cuda:0'), tensor(0.0040, device='cuda:0'), tensor(0.0043, device='cuda:0'), tensor(0.0042, device='cuda:0'), tensor(0.0041, device='cuda:0'), tensor(0.0040, device='cuda:0'), tensor(0.0039, device='cuda:0'), tensor(0.0041, device='cuda:0'), tensor(0.0042, device='cuda:0'), tensor(0.0043, device='cuda:0'), tensor(0.0042, device='cuda:0'), tensor(0.0043, device='cuda:0'), tensor(0.0042, device='cuda:0'), tensor(0.0041, device='cuda:0'), tensor(0.0041, device='cuda:0'), tensor(0.0043, device='cuda:0'), tensor(0.0042, device='cuda:0'), tensor(0.0042, device='cuda:0'), tensor(0.0040, device='cuda:0')]"
56,"[tensor(0.0040, device='cuda:0'), tensor(0.0041, device='cuda:0'), tensor(0.0043, device='cuda:0'), tensor(0.0042, device='cuda:0'), tensor(0.0041, device='cuda:0'), tensor(0.0042, device='cuda:0'), tensor(0.0041, device='cuda:0'), tensor(0.0044, device='cuda:0'), tensor(0.0042, device='cuda:0'), tensor(0.0040, device='cuda:0'), tensor(0.0043, device='cuda:0'), tensor(0.0043, device='cuda:0'), tensor(0.0043, device='cuda:0'), tensor(0.0042, device='cuda:0'), tensor(0.0041, device='cuda:0'), tensor(0.0041, device='cuda:0'), tensor(0.0041, device='cuda:0'), tensor(0.0039, device='cuda:0'), tensor(0.0043, device='cuda:0'), tensor(0.0042, device='cuda:0'), tensor(0.0042, device='cuda:0'), tensor(0.0042, device='cuda:0'), tensor(0.0041, device='cuda:0'), tensor(0.0042, device='cuda:0'), tensor(0.0042, device='cuda:0')]"
57,"[tensor(0.0043, device='cuda:0'), tensor(0.0042, device='cuda:0'), tensor(0.0040, device='cuda:0'), tensor(0.0042, device='cuda:0'), tensor(0.0043, device='cuda:0'), tensor(0.0041, device='cuda:0'), tensor(0.0043, device='cuda:0'), tensor(0.0040, device='cuda:0'), tensor(0.0043, device='cuda:0'), tensor(0.0042, device='cuda:0'), tensor(0.0041, device='cuda:0'), tensor(0.0040, device='cuda:0'), tensor(0.0038, device='cuda:0'), tensor(0.0041, device='cuda:0'), tensor(0.0042, device='cuda:0'), tensor(0.0043, device='cuda:0'), tensor(0.0042, device='cuda:0'), tensor(0.0043, device='cuda:0'), tensor(0.0041, device='cuda:0'), tensor(0.0041, device='cuda:0'), tensor(0.0041, device='cuda:0'), tensor(0.0042, device='cuda:0'), tensor(0.0042, device='cuda:0'), tensor(0.0041, device='cuda:0'), tensor(0.0040, device='cuda:0')]"
58,"[tensor(0.0040, device='cuda:0'), tensor(0.0041, device='cuda:0'), tensor(0.0043, device='cuda:0'), tensor(0.0042, device='cuda:0'), tensor(0.0040, device='cuda:0'), tensor(0.0041, device='cuda:0'), tensor(0.0041, device='cuda:0'), tensor(0.0044, device='cuda:0'), tensor(0.0041, device='cuda:0'), tensor(0.0039, device='cuda:0'), tensor(0.0042, device='cuda:0'), tensor(0.0043, device='cuda:0'), tensor(0.0043, device='cuda:0'), tensor(0.0041, device='cuda:0'), tensor(0.0041, device='cuda:0'), tensor(0.0041, device='cuda:0'), tensor(0.0040, device='cuda:0'), tensor(0.0039, device='cuda:0'), tensor(0.0043, device='cuda:0'), tensor(0.0042, device='cuda:0'), tensor(0.0042, device='cuda:0'), tensor(0.0042, device='cuda:0'), tensor(0.0041, device='cuda:0'), tensor(0.0042, device='cuda:0'), tensor(0.0042, device='cuda:0')]"
59,"[tensor(0.0042, device='cuda:0'), tensor(0.0043, device='cuda:0'), tensor(0.0039, device='cuda:0'), tensor(0.0041, device='cuda:0'), tensor(0.0043, device='cuda:0'), tensor(0.0041, device='cuda:0'), tensor(0.0043, device='cuda:0'), tensor(0.0040, device='cuda:0'), tensor(0.0043, device='cuda:0'), tensor(0.0042, device='cuda:0'), tensor(0.0041, device='cuda:0'), tensor(0.0039, device='cuda:0'), tensor(0.0038, device='cuda:0'), tensor(0.0041, device='cuda:0'), tensor(0.0042, device='cuda:0'), tensor(0.0042, device='cuda:0'), tensor(0.0042, device='cuda:0'), tensor(0.0043, device='cuda:0'), tensor(0.0041, device='cuda:0'), tensor(0.0041, device='cuda:0'), tensor(0.0040, device='cuda:0'), tensor(0.0042, device='cuda:0'), tensor(0.0041, device='cuda:0'), tensor(0.0041, device='cuda:0'), tensor(0.0040, device='cuda:0')]"
60,"[tensor(0.0040, device='cuda:0'), tensor(0.0040, device='cuda:0'), tensor(0.0042, device='cuda:0'), tensor(0.0042, device='cuda:0'), tensor(0.0040, device='cuda:0'), tensor(0.0041, device='cuda:0'), tensor(0.0041, device='cuda:0'), tensor(0.0044, device='cuda:0'), tensor(0.0040, device='cuda:0'), tensor(0.0039, device='cuda:0'), tensor(0.0042, device='cuda:0'), tensor(0.0043, device='cuda:0'), tensor(0.0042, device='cuda:0'), tensor(0.0041, device='cuda:0'), tensor(0.0041, device='cuda:0'), tensor(0.0041, device='cuda:0'), tensor(0.0040, device='cuda:0'), tensor(0.0039, device='cuda:0'), tensor(0.0043, device='cuda:0'), tensor(0.0042, device='cuda:0'), tensor(0.0042, device='cuda:0'), tensor(0.0043, device='cuda:0'), tensor(0.0040, device='cuda:0'), tensor(0.0042, device='cuda:0'), tensor(0.0042, device='cuda:0')]"
61,"[tensor(0.0042, device='cuda:0'), tensor(0.0043, device='cuda:0'), tensor(0.0039, device='cuda:0'), tensor(0.0040, device='cuda:0'), tensor(0.0043, device='cuda:0'), tensor(0.0041, device='cuda:0'), tensor(0.0042, device='cuda:0'), tensor(0.0040, device='cuda:0'), tensor(0.0043, device='cuda:0'), tensor(0.0042, device='cuda:0'), tensor(0.0041, device='cuda:0'), tensor(0.0039, device='cuda:0'), tensor(0.0039, device='cuda:0'), tensor(0.0041, device='cuda:0'), tensor(0.0042, device='cuda:0'), tensor(0.0042, device='cuda:0'), tensor(0.0043, device='cuda:0'), tensor(0.0042, device='cuda:0'), tensor(0.0041, device='cuda:0'), tensor(0.0041, device='cuda:0'), tensor(0.0039, device='cuda:0'), tensor(0.0041, device='cuda:0'), tensor(0.0041, device='cuda:0'), tensor(0.0040, device='cuda:0'), tensor(0.0040, device='cuda:0')]"
62,"[tensor(0.0040, device='cuda:0'), tensor(0.0040, device='cuda:0'), tensor(0.0042, device='cuda:0'), tensor(0.0042, device='cuda:0'), tensor(0.0040, device='cuda:0'), tensor(0.0040, device='cuda:0'), tensor(0.0041, device='cuda:0'), tensor(0.0044, device='cuda:0'), tensor(0.0040, device='cuda:0'), tensor(0.0039, device='cuda:0'), tensor(0.0041, device='cuda:0'), tensor(0.0043, device='cuda:0'), tensor(0.0042, device='cuda:0'), tensor(0.0040, device='cuda:0'), tensor(0.0040, device='cuda:0'), tensor(0.0041, device='cuda:0'), tensor(0.0040, device='cuda:0'), tensor(0.0040, device='cuda:0'), tensor(0.0042, device='cuda:0'), tensor(0.0041, device='cuda:0'), tensor(0.0042, device='cuda:0'), tensor(0.0043, device='cuda:0'), tensor(0.0040, device='cuda:0'), tensor(0.0042, device='cuda:0'), tensor(0.0042, device='cuda:0')]"
63,"[tensor(0.0042, device='cuda:0'), tensor(0.0043, device='cuda:0'), tensor(0.0039, device='cuda:0'), tensor(0.0040, device='cuda:0'), tensor(0.0043, device='cuda:0'), tensor(0.0042, device='cuda:0'), tensor(0.0042, device='cuda:0'), tensor(0.0040, device='cuda:0'), tensor(0.0043, device='cuda:0'), tensor(0.0042, device='cuda:0'), tensor(0.0042, device='cuda:0'), tensor(0.0038, device='cuda:0'), tensor(0.0039, device='cuda:0'), tensor(0.0042, device='cuda:0'), tensor(0.0041, device='cuda:0'), tensor(0.0042, device='cuda:0'), tensor(0.0043, device='cuda:0'), tensor(0.0042, device='cuda:0'), tensor(0.0041, device='cuda:0'), tensor(0.0041, device='cuda:0'), tensor(0.0039, device='cuda:0'), tensor(0.0041, device='cuda:0'), tensor(0.0041, device='cuda:0'), tensor(0.0040, device='cuda:0'), tensor(0.0041, device='cuda:0')]"
64,"[tensor(0.0040, device='cuda:0'), tensor(0.0039, device='cuda:0'), tensor(0.0042, device='cuda:0'), tensor(0.0042, device='cuda:0'), tensor(0.0040, device='cuda:0'), tensor(0.0039, device='cuda:0'), tensor(0.0041, device='cuda:0'), tensor(0.0043, device='cuda:0'), tensor(0.0040, device='cuda:0'), tensor(0.0040, device='cuda:0'), tensor(0.0039, device='cuda:0'), tensor(0.0043, device='cuda:0'), tensor(0.0042, device='cuda:0'), tensor(0.0039, device='cuda:0'), tensor(0.0040, device='cuda:0'), tensor(0.0041, device='cuda:0'), tensor(0.0039, device='cuda:0'), tensor(0.0040, device='cuda:0'), tensor(0.0042, device='cuda:0'), tensor(0.0041, device='cuda:0'), tensor(0.0042, device='cuda:0'), tensor(0.0043, device='cuda:0'), tensor(0.0040, device='cuda:0'), tensor(0.0042, device='cuda:0'), tensor(0.0042, device='cuda:0')]"
65,"[tensor(0.0042, device='cuda:0'), tensor(0.0043, device='cuda:0'), tensor(0.0039, device='cuda:0'), tensor(0.0040, device='cuda:0'), tensor(0.0043, device='cuda:0'), tensor(0.0042, device='cuda:0'), tensor(0.0042, device='cuda:0'), tensor(0.0040, device='cuda:0'), tensor(0.0042, device='cuda:0'), tensor(0.0042, device='cuda:0'), tensor(0.0042, device='cuda:0'), tensor(0.0038, device='cuda:0'), tensor(0.0039, device='cuda:0'), tensor(0.0042, device='cuda:0'), tensor(0.0040, device='cuda:0'), tensor(0.0041, device='cuda:0'), tensor(0.0043, device='cuda:0'), tensor(0.0041, device='cuda:0'), tensor(0.0041, device='cuda:0'), tensor(0.0041, device='cuda:0'), tensor(0.0039, device='cuda:0'), tensor(0.0040, device='cuda:0'), tensor(0.0040, device='cuda:0'), tensor(0.0039, device='cuda:0'), tensor(0.0041, device='cuda:0')]"
66,"[tensor(0.0040, device='cuda:0'), tensor(0.0039, device='cuda:0'), tensor(0.0042, device='cuda:0'), tensor(0.0041, device='cuda:0'), tensor(0.0040, device='cuda:0'), tensor(0.0039, device='cuda:0'), tensor(0.0041, device='cuda:0'), tensor(0.0043, device='cuda:0'), tensor(0.0040, device='cuda:0'), tensor(0.0040, device='cuda:0'), tensor(0.0039, device='cuda:0'), tensor(0.0043, device='cuda:0'), tensor(0.0041, device='cuda:0'), tensor(0.0038, device='cuda:0'), tensor(0.0041, device='cuda:0'), tensor(0.0040, device='cuda:0'), tensor(0.0039, device='cuda:0'), tensor(0.0041, device='cuda:0'), tensor(0.0041, device='cuda:0'), tensor(0.0041, device='cuda:0'), tensor(0.0042, device='cuda:0'), tensor(0.0044, device='cuda:0'), tensor(0.0040, device='cuda:0'), tensor(0.0042, device='cuda:0'), tensor(0.0041, device='cuda:0')]"
67,"[tensor(0.0041, device='cuda:0'), tensor(0.0043, device='cuda:0'), tensor(0.0040, device='cuda:0'), tensor(0.0039, device='cuda:0'), tensor(0.0043, device='cuda:0'), tensor(0.0042, device='cuda:0'), tensor(0.0041, device='cuda:0'), tensor(0.0040, device='cuda:0'), tensor(0.0042, device='cuda:0'), tensor(0.0041, device='cuda:0'), tensor(0.0042, device='cuda:0'), tensor(0.0038, device='cuda:0'), tensor(0.0039, device='cuda:0'), tensor(0.0042, device='cuda:0'), tensor(0.0039, device='cuda:0'), tensor(0.0041, device='cuda:0'), tensor(0.0043, device='cuda:0'), tensor(0.0041, device='cuda:0'), tensor(0.0041, device='cuda:0'), tensor(0.0041, device='cuda:0'), tensor(0.0038, device='cuda:0'), tensor(0.0040, device='cuda:0'), tensor(0.0040, device='cuda:0'), tensor(0.0039, device='cuda:0'), tensor(0.0041, device='cuda:0')]"
68,"[tensor(0.0040, device='cuda:0'), tensor(0.0039, device='cuda:0'), tensor(0.0042, device='cuda:0'), tensor(0.0041, device='cuda:0'), tensor(0.0040, device='cuda:0'), tensor(0.0038, device='cuda:0'), tensor(0.0041, device='cuda:0'), tensor(0.0042, device='cuda:0'), tensor(0.0040, device='cuda:0'), tensor(0.0040, device='cuda:0'), tensor(0.0038, device='cuda:0'), tensor(0.0042, device='cuda:0'), tensor(0.0041, device='cuda:0'), tensor(0.0038, device='cuda:0'), tensor(0.0041, device='cuda:0'), tensor(0.0040, device='cuda:0'), tensor(0.0039, device='cuda:0'), tensor(0.0041, device='cuda:0'), tensor(0.0040, device='cuda:0'), tensor(0.0041, device='cuda:0'), tensor(0.0042, device='cuda:0'), tensor(0.0044, device='cuda:0'), tensor(0.0039, device='cuda:0'), tensor(0.0042, device='cuda:0'), tensor(0.0041, device='cuda:0')]"
69,"[tensor(0.0040, device='cuda:0'), tensor(0.0042, device='cuda:0'), tensor(0.0040, device='cuda:0'), tensor(0.0039, device='cuda:0'), tensor(0.0043, device='cuda:0'), tensor(0.0042, device='cuda:0'), tensor(0.0041, device='cuda:0'), tensor(0.0040, device='cuda:0'), tensor(0.0041, device='cuda:0'), tensor(0.0041, device='cuda:0'), tensor(0.0042, device='cuda:0'), tensor(0.0038, device='cuda:0'), tensor(0.0040, device='cuda:0'), tensor(0.0042, device='cuda:0'), tensor(0.0038, device='cuda:0'), tensor(0.0041, device='cuda:0'), tensor(0.0043, device='cuda:0'), tensor(0.0041, device='cuda:0'), tensor(0.0042, device='cuda:0'), tensor(0.0041, device='cuda:0'), tensor(0.0038, device='cuda:0'), tensor(0.0039, device='cuda:0'), tensor(0.0040, device='cuda:0'), tensor(0.0039, device='cuda:0'), tensor(0.0041, device='cuda:0')]"
70,"[tensor(0.0041, device='cuda:0'), tensor(0.0039, device='cuda:0'), tensor(0.0042, device='cuda:0'), tensor(0.0041, device='cuda:0'), tensor(0.0040, device='cuda:0'), tensor(0.0038, device='cuda:0'), tensor(0.0042, device='cuda:0'), tensor(0.0041, device='cuda:0'), tensor(0.0041, device='cuda:0'), tensor(0.0040, device='cuda:0'), tensor(0.0038, device='cuda:0'), tensor(0.0042, device='cuda:0'), tensor(0.0040, device='cuda:0'), tensor(0.0038, device='cuda:0'), tensor(0.0041, device='cuda:0'), tensor(0.0040, device='cuda:0'), tensor(0.0039, device='cuda:0'), tensor(0.0041, device='cuda:0'), tensor(0.0040, device='cuda:0'), tensor(0.0040, device='cuda:0'), tensor(0.0042, device='cuda:0'), tensor(0.0044, device='cuda:0'), tensor(0.0039, device='cuda:0'), tensor(0.0042, device='cuda:0'), tensor(0.0041, device='cuda:0')]"
71,"[tensor(0.0038, device='cuda:0'), tensor(0.0042, device='cuda:0'), tensor(0.0040, device='cuda:0'), tensor(0.0040, device='cuda:0'), tensor(0.0042, device='cuda:0'), tensor(0.0042, device='cuda:0'), tensor(0.0041, device='cuda:0'), tensor(0.0042, device='cuda:0'), tensor(0.0040, device='cuda:0'), tensor(0.0041, device='cuda:0'), tensor(0.0042, device='cuda:0'), tensor(0.0039, device='cuda:0'), tensor(0.0040, device='cuda:0'), tensor(0.0042, device='cuda:0'), tensor(0.0038, device='cuda:0'), tensor(0.0041, device='cuda:0'), tensor(0.0042, device='cuda:0'), tensor(0.0040, device='cuda:0'), tensor(0.0042, device='cuda:0'), tensor(0.0040, device='cuda:0'), tensor(0.0039, device='cuda:0'), tensor(0.0039, device='cuda:0'), tensor(0.0040, device='cuda:0'), tensor(0.0039, device='cuda:0'), tensor(0.0041, device='cuda:0')]"
72,"[tensor(0.0042, device='cuda:0'), tensor(0.0039, device='cuda:0'), tensor(0.0041, device='cuda:0'), tensor(0.0040, device='cuda:0'), tensor(0.0040, device='cuda:0'), tensor(0.0038, device='cuda:0'), tensor(0.0042, device='cuda:0'), tensor(0.0040, device='cuda:0'), tensor(0.0041, device='cuda:0'), tensor(0.0040, device='cuda:0'), tensor(0.0038, device='cuda:0'), tensor(0.0041, device='cuda:0'), tensor(0.0039, device='cuda:0'), tensor(0.0038, device='cuda:0'), tensor(0.0041, device='cuda:0'), tensor(0.0040, device='cuda:0'), tensor(0.0039, device='cuda:0'), tensor(0.0041, device='cuda:0'), tensor(0.0039, device='cuda:0'), tensor(0.0040, device='cuda:0'), tensor(0.0041, device='cuda:0'), tensor(0.0044, device='cuda:0'), tensor(0.0040, device='cuda:0'), tensor(0.0042, device='cuda:0'), tensor(0.0041, device='cuda:0')]"
73,"[tensor(0.0038, device='cuda:0'), tensor(0.0041, device='cuda:0'), tensor(0.0040, device='cuda:0'), tensor(0.0040, device='cuda:0'), tensor(0.0041, device='cuda:0'), tensor(0.0042, device='cuda:0'), tensor(0.0040, device='cuda:0'), tensor(0.0042, device='cuda:0'), tensor(0.0040, device='cuda:0'), tensor(0.0040, device='cuda:0'), tensor(0.0042, device='cuda:0'), tensor(0.0039, device='cuda:0'), tensor(0.0041, device='cuda:0'), tensor(0.0041, device='cuda:0'), tensor(0.0038, device='cuda:0'), tensor(0.0041, device='cuda:0'), tensor(0.0042, device='cuda:0'), tensor(0.0040, device='cuda:0'), tensor(0.0042, device='cuda:0'), tensor(0.0040, device='cuda:0'), tensor(0.0039, device='cuda:0'), tensor(0.0039, device='cuda:0'), tensor(0.0038, device='cuda:0'), tensor(0.0039, device='cuda:0'), tensor(0.0040, device='cuda:0')]"
74,"[tensor(0.0042, device='cuda:0'), tensor(0.0039, device='cuda:0'), tensor(0.0041, device='cuda:0'), tensor(0.0039, device='cuda:0'), tensor(0.0040, device='cuda:0'), tensor(0.0038, device='cuda:0'), tensor(0.0042, device='cuda:0'), tensor(0.0039, device='cuda:0'), tensor(0.0041, device='cuda:0'), tensor(0.0040, device='cuda:0'), tensor(0.0038, device='cuda:0'), tensor(0.0040, device='cuda:0'), tensor(0.0039, device='cuda:0'), tensor(0.0038, device='cuda:0'), tensor(0.0041, device='cuda:0'), tensor(0.0040, device='cuda:0'), tensor(0.0039, device='cuda:0'), tensor(0.0041, device='cuda:0'), tensor(0.0039, device='cuda:0'), tensor(0.0040, device='cuda:0'), tensor(0.0041, device='cuda:0'), tensor(0.0043, device='cuda:0'), tensor(0.0041, device='cuda:0'), tensor(0.0041, device='cuda:0'), tensor(0.0041, device='cuda:0')]"
75,"[tensor(0.0037, device='cuda:0'), tensor(0.0041, device='cuda:0'), tensor(0.0040, device='cuda:0'), tensor(0.0041, device='cuda:0'), tensor(0.0041, device='cuda:0'), tensor(0.0041, device='cuda:0'), tensor(0.0040, device='cuda:0'), tensor(0.0042, device='cuda:0'), tensor(0.0040, device='cuda:0'), tensor(0.0040, device='cuda:0'), tensor(0.0042, device='cuda:0'), tensor(0.0040, device='cuda:0'), tensor(0.0040, device='cuda:0'), tensor(0.0041, device='cuda:0'), tensor(0.0038, device='cuda:0'), tensor(0.0041, device='cuda:0'), tensor(0.0041, device='cuda:0'), tensor(0.0040, device='cuda:0'), tensor(0.0042, device='cuda:0'), tensor(0.0040, device='cuda:0'), tensor(0.0040, device='cuda:0'), tensor(0.0039, device='cuda:0'), tensor(0.0038, device='cuda:0'), tensor(0.0039, device='cuda:0'), tensor(0.0040, device='cuda:0')]"
76,"[tensor(0.0042, device='cuda:0'), tensor(0.0040, device='cuda:0'), tensor(0.0041, device='cuda:0'), tensor(0.0037, device='cuda:0'), tensor(0.0040, device='cuda:0'), tensor(0.0039, device='cuda:0'), tensor(0.0042, device='cuda:0'), tensor(0.0039, device='cuda:0'), tensor(0.0041, device='cuda:0'), tensor(0.0040, device='cuda:0'), tensor(0.0038, device='cuda:0'), tensor(0.0039, device='cuda:0'), tensor(0.0039, device='cuda:0'), tensor(0.0038, device='cuda:0'), tensor(0.0041, device='cuda:0'), tensor(0.0040, device='cuda:0'), tensor(0.0039, device='cuda:0'), tensor(0.0040, device='cuda:0'), tensor(0.0039, device='cuda:0'), tensor(0.0040, device='cuda:0'), tensor(0.0040, device='cuda:0'), tensor(0.0043, device='cuda:0'), tensor(0.0041, device='cuda:0'), tensor(0.0041, device='cuda:0'), tensor(0.0041, device='cuda:0')]"
77,"[tensor(0.0037, device='cuda:0'), tensor(0.0041, device='cuda:0'), tensor(0.0040, device='cuda:0'), tensor(0.0041, device='cuda:0'), tensor(0.0040, device='cuda:0'), tensor(0.0041, device='cuda:0'), tensor(0.0040, device='cuda:0'), tensor(0.0041, device='cuda:0'), tensor(0.0039, device='cuda:0'), tensor(0.0039, device='cuda:0'), tensor(0.0041, device='cuda:0'), tensor(0.0040, device='cuda:0'), tensor(0.0040, device='cuda:0'), tensor(0.0041, device='cuda:0'), tensor(0.0038, device='cuda:0'), tensor(0.0041, device='cuda:0'), tensor(0.0041, device='cuda:0'), tensor(0.0040, device='cuda:0'), tensor(0.0042, device='cuda:0'), tensor(0.0039, device='cuda:0'), tensor(0.0040, device='cuda:0'), tensor(0.0040, device='cuda:0'), tensor(0.0038, device='cuda:0'), tensor(0.0039, device='cuda:0'), tensor(0.0040, device='cuda:0')]"
78,"[tensor(0.0041, device='cuda:0'), tensor(0.0040, device='cuda:0'), tensor(0.0041, device='cuda:0'), tensor(0.0037, device='cuda:0'), tensor(0.0040, device='cuda:0'), tensor(0.0039, device='cuda:0'), tensor(0.0042, device='cuda:0'), tensor(0.0040, device='cuda:0'), tensor(0.0042, device='cuda:0'), tensor(0.0040, device='cuda:0'), tensor(0.0038, device='cuda:0'), tensor(0.0038, device='cuda:0'), tensor(0.0039, device='cuda:0'), tensor(0.0039, device='cuda:0'), tensor(0.0041, device='cuda:0'), tensor(0.0040, device='cuda:0'), tensor(0.0039, device='cuda:0'), tensor(0.0040, device='cuda:0'), tensor(0.0039, device='cuda:0'), tensor(0.0040, device='cuda:0'), tensor(0.0040, device='cuda:0'), tensor(0.0042, device='cuda:0'), tensor(0.0040, device='cuda:0'), tensor(0.0041, device='cuda:0'), tensor(0.0041, device='cuda:0')]"
79,"[tensor(0.0037, device='cuda:0'), tensor(0.0040, device='cuda:0'), tensor(0.0040, device='cuda:0'), tensor(0.0041, device='cuda:0'), tensor(0.0040, device='cuda:0'), tensor(0.0040, device='cuda:0'), tensor(0.0040, device='cuda:0'), tensor(0.0041, device='cuda:0'), tensor(0.0039, device='cuda:0'), tensor(0.0039, device='cuda:0'), tensor(0.0041, device='cuda:0'), tensor(0.0041, device='cuda:0'), tensor(0.0040, device='cuda:0'), tensor(0.0040, device='cuda:0'), tensor(0.0038, device='cuda:0'), tensor(0.0041, device='cuda:0'), tensor(0.0041, device='cuda:0'), tensor(0.0041, device='cuda:0'), tensor(0.0042, device='cuda:0'), tensor(0.0039, device='cuda:0'), tensor(0.0040, device='cuda:0'), tensor(0.0040, device='cuda:0'), tensor(0.0038, device='cuda:0'), tensor(0.0039, device='cuda:0'), tensor(0.0039, device='cuda:0')]"
80,"[tensor(0.0041, device='cuda:0'), tensor(0.0040, device='cuda:0'), tensor(0.0041, device='cuda:0'), tensor(0.0036, device='cuda:0'), tensor(0.0040, device='cuda:0'), tensor(0.0039, device='cuda:0'), tensor(0.0041, device='cuda:0'), tensor(0.0040, device='cuda:0'), tensor(0.0042, device='cuda:0'), tensor(0.0040, device='cuda:0'), tensor(0.0039, device='cuda:0'), tensor(0.0038, device='cuda:0'), tensor(0.0039, device='cuda:0'), tensor(0.0039, device='cuda:0'), tensor(0.0041, device='cuda:0'), tensor(0.0039, device='cuda:0'), tensor(0.0039, device='cuda:0'), tensor(0.0040, device='cuda:0'), tensor(0.0039, device='cuda:0'), tensor(0.0040, device='cuda:0'), tensor(0.0040, device='cuda:0'), tensor(0.0042, device='cuda:0'), tensor(0.0039, device='cuda:0'), tensor(0.0041, device='cuda:0'), tensor(0.0041, device='cuda:0')]"
81,"[tensor(0.0037, device='cuda:0'), tensor(0.0040, device='cuda:0'), tensor(0.0040, device='cuda:0'), tensor(0.0041, device='cuda:0'), tensor(0.0040, device='cuda:0'), tensor(0.0040, device='cuda:0'), tensor(0.0039, device='cuda:0'), tensor(0.0040, device='cuda:0'), tensor(0.0038, device='cuda:0'), tensor(0.0038, device='cuda:0'), tensor(0.0041, device='cuda:0'), tensor(0.0041, device='cuda:0'), tensor(0.0039, device='cuda:0'), tensor(0.0040, device='cuda:0'), tensor(0.0038, device='cuda:0'), tensor(0.0041, device='cuda:0'), tensor(0.0040, device='cuda:0'), tensor(0.0040, device='cuda:0'), tensor(0.0041, device='cuda:0'), tensor(0.0039, device='cuda:0'), tensor(0.0040, device='cuda:0'), tensor(0.0040, device='cuda:0'), tensor(0.0039, device='cuda:0'), tensor(0.0039, device='cuda:0'), tensor(0.0039, device='cuda:0')]"
82,"[tensor(0.0041, device='cuda:0'), tensor(0.0040, device='cuda:0'), tensor(0.0041, device='cuda:0'), tensor(0.0036, device='cuda:0'), tensor(0.0040, device='cuda:0'), tensor(0.0039, device='cuda:0'), tensor(0.0041, device='cuda:0'), tensor(0.0041, device='cuda:0'), tensor(0.0042, device='cuda:0'), tensor(0.0040, device='cuda:0'), tensor(0.0039, device='cuda:0'), tensor(0.0037, device='cuda:0'), tensor(0.0039, device='cuda:0'), tensor(0.0039, device='cuda:0'), tensor(0.0040, device='cuda:0'), tensor(0.0039, device='cuda:0'), tensor(0.0039, device='cuda:0'), tensor(0.0039, device='cuda:0'), tensor(0.0039, device='cuda:0'), tensor(0.0040, device='cuda:0'), tensor(0.0039, device='cuda:0'), tensor(0.0041, device='cuda:0'), tensor(0.0038, device='cuda:0'), tensor(0.0041, device='cuda:0'), tensor(0.0041, device='cuda:0')]"
83,"[tensor(0.0038, device='cuda:0'), tensor(0.0040, device='cuda:0'), tensor(0.0040, device='cuda:0'), tensor(0.0041, device='cuda:0'), tensor(0.0040, device='cuda:0'), tensor(0.0039, device='cuda:0'), tensor(0.0039, device='cuda:0'), tensor(0.0040, device='cuda:0'), tensor(0.0038, device='cuda:0'), tensor(0.0038, device='cuda:0'), tensor(0.0041, device='cuda:0'), tensor(0.0041, device='cuda:0'), tensor(0.0039, device='cuda:0'), tensor(0.0040, device='cuda:0'), tensor(0.0038, device='cuda:0'), tensor(0.0041, device='cuda:0'), tensor(0.0040, device='cuda:0'), tensor(0.0040, device='cuda:0'), tensor(0.0041, device='cuda:0'), tensor(0.0038, device='cuda:0'), tensor(0.0040, device='cuda:0'), tensor(0.0041, device='cuda:0'), tensor(0.0039, device='cuda:0'), tensor(0.0039, device='cuda:0'), tensor(0.0039, device='cuda:0')]"
84,"[tensor(0.0040, device='cuda:0'), tensor(0.0040, device='cuda:0'), tensor(0.0041, device='cuda:0'), tensor(0.0036, device='cuda:0'), tensor(0.0040, device='cuda:0'), tensor(0.0040, device='cuda:0'), tensor(0.0041, device='cuda:0'), tensor(0.0040, device='cuda:0'), tensor(0.0042, device='cuda:0'), tensor(0.0040, device='cuda:0'), tensor(0.0039, device='cuda:0'), tensor(0.0037, device='cuda:0'), tensor(0.0039, device='cuda:0'), tensor(0.0038, device='cuda:0'), tensor(0.0041, device='cuda:0'), tensor(0.0038, device='cuda:0'), tensor(0.0040, device='cuda:0'), tensor(0.0039, device='cuda:0'), tensor(0.0039, device='cuda:0'), tensor(0.0040, device='cuda:0'), tensor(0.0039, device='cuda:0'), tensor(0.0041, device='cuda:0'), tensor(0.0037, device='cuda:0'), tensor(0.0041, device='cuda:0'), tensor(0.0041, device='cuda:0')]"
85,"[tensor(0.0038, device='cuda:0'), tensor(0.0039, device='cuda:0'), tensor(0.0040, device='cuda:0'), tensor(0.0041, device='cuda:0'), tensor(0.0041, device='cuda:0'), tensor(0.0038, device='cuda:0'), tensor(0.0039, device='cuda:0'), tensor(0.0040, device='cuda:0'), tensor(0.0038, device='cuda:0'), tensor(0.0038, device='cuda:0'), tensor(0.0040, device='cuda:0'), tensor(0.0041, device='cuda:0'), tensor(0.0039, device='cuda:0'), tensor(0.0039, device='cuda:0'), tensor(0.0037, device='cuda:0'), tensor(0.0041, device='cuda:0'), tensor(0.0039, device='cuda:0'), tensor(0.0040, device='cuda:0'), tensor(0.0041, device='cuda:0'), tensor(0.0038, device='cuda:0'), tensor(0.0040, device='cuda:0'), tensor(0.0041, device='cuda:0'), tensor(0.0040, device='cuda:0'), tensor(0.0038, device='cuda:0'), tensor(0.0038, device='cuda:0')]"
86,"[tensor(0.0040, device='cuda:0'), tensor(0.0041, device='cuda:0'), tensor(0.0040, device='cuda:0'), tensor(0.0036, device='cuda:0'), tensor(0.0040, device='cuda:0'), tensor(0.0041, device='cuda:0'), tensor(0.0040, device='cuda:0'), tensor(0.0040, device='cuda:0'), tensor(0.0041, device='cuda:0'), tensor(0.0040, device='cuda:0'), tensor(0.0039, device='cuda:0'), tensor(0.0037, device='cuda:0'), tensor(0.0038, device='cuda:0'), tensor(0.0038, device='cuda:0'), tensor(0.0041, device='cuda:0'), tensor(0.0038, device='cuda:0'), tensor(0.0040, device='cuda:0'), tensor(0.0039, device='cuda:0'), tensor(0.0039, device='cuda:0'), tensor(0.0040, device='cuda:0'), tensor(0.0038, device='cuda:0'), tensor(0.0040, device='cuda:0'), tensor(0.0036, device='cuda:0'), tensor(0.0040, device='cuda:0'), tensor(0.0040, device='cuda:0')]"
87,"[tensor(0.0038, device='cuda:0'), tensor(0.0038, device='cuda:0'), tensor(0.0039, device='cuda:0'), tensor(0.0041, device='cuda:0'), tensor(0.0040, device='cuda:0'), tensor(0.0038, device='cuda:0'), tensor(0.0039, device='cuda:0'), tensor(0.0040, device='cuda:0'), tensor(0.0038, device='cuda:0'), tensor(0.0038, device='cuda:0'), tensor(0.0040, device='cuda:0'), tensor(0.0041, device='cuda:0'), tensor(0.0039, device='cuda:0'), tensor(0.0039, device='cuda:0'), tensor(0.0037, device='cuda:0'), tensor(0.0041, device='cuda:0'), tensor(0.0039, device='cuda:0'), tensor(0.0039, device='cuda:0'), tensor(0.0041, device='cuda:0'), tensor(0.0038, device='cuda:0'), tensor(0.0040, device='cuda:0'), tensor(0.0041, device='cuda:0'), tensor(0.0040, device='cuda:0'), tensor(0.0038, device='cuda:0'), tensor(0.0038, device='cuda:0')]"
88,"[tensor(0.0040, device='cuda:0'), tensor(0.0041, device='cuda:0'), tensor(0.0040, device='cuda:0'), tensor(0.0036, device='cuda:0'), tensor(0.0040, device='cuda:0'), tensor(0.0041, device='cuda:0'), tensor(0.0040, device='cuda:0'), tensor(0.0039, device='cuda:0'), tensor(0.0041, device='cuda:0'), tensor(0.0040, device='cuda:0'), tensor(0.0039, device='cuda:0'), tensor(0.0037, device='cuda:0'), tensor(0.0037, device='cuda:0'), tensor(0.0039, device='cuda:0'), tensor(0.0040, device='cuda:0'), tensor(0.0038, device='cuda:0'), tensor(0.0041, device='cuda:0'), tensor(0.0039, device='cuda:0'), tensor(0.0039, device='cuda:0'), tensor(0.0040, device='cuda:0'), tensor(0.0037, device='cuda:0'), tensor(0.0039, device='cuda:0'), tensor(0.0036, device='cuda:0'), tensor(0.0040, device='cuda:0'), tensor(0.0040, device='cuda:0')]"
89,"[tensor(0.0038, device='cuda:0'), tensor(0.0037, device='cuda:0'), tensor(0.0039, device='cuda:0'), tensor(0.0041, device='cuda:0'), tensor(0.0040, device='cuda:0'), tensor(0.0037, device='cuda:0'), tensor(0.0039, device='cuda:0'), tensor(0.0041, device='cuda:0'), tensor(0.0038, device='cuda:0'), tensor(0.0038, device='cuda:0'), tensor(0.0040, device='cuda:0'), tensor(0.0041, device='cuda:0'), tensor(0.0040, device='cuda:0'), tensor(0.0039, device='cuda:0'), tensor(0.0037, device='cuda:0'), tensor(0.0041, device='cuda:0'), tensor(0.0038, device='cuda:0'), tensor(0.0038, device='cuda:0'), tensor(0.0041, device='cuda:0'), tensor(0.0037, device='cuda:0'), tensor(0.0040, device='cuda:0'), tensor(0.0042, device='cuda:0'), tensor(0.0040, device='cuda:0'), tensor(0.0038, device='cuda:0'), tensor(0.0038, device='cuda:0')]"
90,"[tensor(0.0040, device='cuda:0'), tensor(0.0041, device='cuda:0'), tensor(0.0040, device='cuda:0'), tensor(0.0036, device='cuda:0'), tensor(0.0040, device='cuda:0'), tensor(0.0040, device='cuda:0'), tensor(0.0039, device='cuda:0'), tensor(0.0038, device='cuda:0'), tensor(0.0041, device='cuda:0'), tensor(0.0039, device='cuda:0'), tensor(0.0040, device='cuda:0'), tensor(0.0037, device='cuda:0'), tensor(0.0037, device='cuda:0'), tensor(0.0039, device='cuda:0'), tensor(0.0040, device='cuda:0'), tensor(0.0038, device='cuda:0'), tensor(0.0041, device='cuda:0'), tensor(0.0040, device='cuda:0'), tensor(0.0039, device='cuda:0'), tensor(0.0040, device='cuda:0'), tensor(0.0037, device='cuda:0'), tensor(0.0038, device='cuda:0'), tensor(0.0036, device='cuda:0'), tensor(0.0040, device='cuda:0'), tensor(0.0040, device='cuda:0')]"
91,"[tensor(0.0038, device='cuda:0'), tensor(0.0037, device='cuda:0'), tensor(0.0038, device='cuda:0'), tensor(0.0040, device='cuda:0'), tensor(0.0039, device='cuda:0'), tensor(0.0037, device='cuda:0'), tensor(0.0040, device='cuda:0'), tensor(0.0041, device='cuda:0'), tensor(0.0038, device='cuda:0'), tensor(0.0039, device='cuda:0'), tensor(0.0039, device='cuda:0'), tensor(0.0041, device='cuda:0'), tensor(0.0039, device='cuda:0'), tensor(0.0038, device='cuda:0'), tensor(0.0038, device='cuda:0'), tensor(0.0040, device='cuda:0'), tensor(0.0037, device='cuda:0'), tensor(0.0038, device='cuda:0'), tensor(0.0041, device='cuda:0'), tensor(0.0037, device='cuda:0'), tensor(0.0040, device='cuda:0'), tensor(0.0042, device='cuda:0'), tensor(0.0040, device='cuda:0'), tensor(0.0038, device='cuda:0'), tensor(0.0037, device='cuda:0')]"
92,"[tensor(0.0040, device='cuda:0'), tensor(0.0041, device='cuda:0'), tensor(0.0040, device='cuda:0'), tensor(0.0036, device='cuda:0'), tensor(0.0041, device='cuda:0'), tensor(0.0040, device='cuda:0'), tensor(0.0039, device='cuda:0'), tensor(0.0037, device='cuda:0'), tensor(0.0040, device='cuda:0'), tensor(0.0037, device='cuda:0'), tensor(0.0040, device='cuda:0'), tensor(0.0036, device='cuda:0'), tensor(0.0037, device='cuda:0'), tensor(0.0039, device='cuda:0'), tensor(0.0040, device='cuda:0'), tensor(0.0038, device='cuda:0'), tensor(0.0041, device='cuda:0'), tensor(0.0039, device='cuda:0'), tensor(0.0039, device='cuda:0'), tensor(0.0040, device='cuda:0'), tensor(0.0036, device='cuda:0'), tensor(0.0037, device='cuda:0'), tensor(0.0036, device='cuda:0'), tensor(0.0040, device='cuda:0'), tensor(0.0040, device='cuda:0')]"
93,"[tensor(0.0038, device='cuda:0'), tensor(0.0037, device='cuda:0'), tensor(0.0038, device='cuda:0'), tensor(0.0040, device='cuda:0'), tensor(0.0038, device='cuda:0'), tensor(0.0038, device='cuda:0'), tensor(0.0040, device='cuda:0'), tensor(0.0041, device='cuda:0'), tensor(0.0039, device='cuda:0'), tensor(0.0040, device='cuda:0'), tensor(0.0039, device='cuda:0'), tensor(0.0041, device='cuda:0'), tensor(0.0039, device='cuda:0'), tensor(0.0037, device='cuda:0'), tensor(0.0038, device='cuda:0'), tensor(0.0040, device='cuda:0'), tensor(0.0036, device='cuda:0'), tensor(0.0038, device='cuda:0'), tensor(0.0040, device='cuda:0'), tensor(0.0037, device='cuda:0'), tensor(0.0040, device='cuda:0'), tensor(0.0042, device='cuda:0'), tensor(0.0040, device='cuda:0'), tensor(0.0038, device='cuda:0'), tensor(0.0037, device='cuda:0')]"
94,"[tensor(0.0040, device='cuda:0'), tensor(0.0041, device='cuda:0'), tensor(0.0040, device='cuda:0'), tensor(0.0037, device='cuda:0'), tensor(0.0040, device='cuda:0'), tensor(0.0040, device='cuda:0'), tensor(0.0038, device='cuda:0'), tensor(0.0037, device='cuda:0'), tensor(0.0039, device='cuda:0'), tensor(0.0037, device='cuda:0'), tensor(0.0040, device='cuda:0'), tensor(0.0036, device='cuda:0'), tensor(0.0037, device='cuda:0'), tensor(0.0040, device='cuda:0'), tensor(0.0039, device='cuda:0'), tensor(0.0037, device='cuda:0'), tensor(0.0041, device='cuda:0'), tensor(0.0039, device='cuda:0'), tensor(0.0039, device='cuda:0'), tensor(0.0040, device='cuda:0'), tensor(0.0037, device='cuda:0'), tensor(0.0037, device='cuda:0'), tensor(0.0037, device='cuda:0'), tensor(0.0040, device='cuda:0'), tensor(0.0040, device='cuda:0')]"
95,"[tensor(0.0038, device='cuda:0'), tensor(0.0037, device='cuda:0'), tensor(0.0037, device='cuda:0'), tensor(0.0040, device='cuda:0'), tensor(0.0038, device='cuda:0'), tensor(0.0038, device='cuda:0'), tensor(0.0040, device='cuda:0'), tensor(0.0041, device='cuda:0'), tensor(0.0039, device='cuda:0'), tensor(0.0040, device='cuda:0'), tensor(0.0038, device='cuda:0'), tensor(0.0040, device='cuda:0'), tensor(0.0039, device='cuda:0'), tensor(0.0036, device='cuda:0'), tensor(0.0039, device='cuda:0'), tensor(0.0040, device='cuda:0'), tensor(0.0036, device='cuda:0'), tensor(0.0039, device='cuda:0'), tensor(0.0040, device='cuda:0'), tensor(0.0037, device='cuda:0'), tensor(0.0040, device='cuda:0'), tensor(0.0042, device='cuda:0'), tensor(0.0039, device='cuda:0'), tensor(0.0038, device='cuda:0'), tensor(0.0037, device='cuda:0')]"
96,"[tensor(0.0039, device='cuda:0'), tensor(0.0040, device='cuda:0'), tensor(0.0041, device='cuda:0'), tensor(0.0037, device='cuda:0'), tensor(0.0040, device='cuda:0'), tensor(0.0040, device='cuda:0'), tensor(0.0038, device='cuda:0'), tensor(0.0038, device='cuda:0'), tensor(0.0038, device='cuda:0'), tensor(0.0036, device='cuda:0'), tensor(0.0041, device='cuda:0'), tensor(0.0037, device='cuda:0'), tensor(0.0038, device='cuda:0'), tensor(0.0040, device='cuda:0'), tensor(0.0038, device='cuda:0'), tensor(0.0037, device='cuda:0'), tensor(0.0041, device='cuda:0'), tensor(0.0038, device='cuda:0'), tensor(0.0039, device='cuda:0'), tensor(0.0040, device='cuda:0'), tensor(0.0037, device='cuda:0'), tensor(0.0037, device='cuda:0'), tensor(0.0037, device='cuda:0'), tensor(0.0039, device='cuda:0'), tensor(0.0040, device='cuda:0')]"
97,"[tensor(0.0038, device='cuda:0'), tensor(0.0037, device='cuda:0'), tensor(0.0037, device='cuda:0'), tensor(0.0040, device='cuda:0'), tensor(0.0038, device='cuda:0'), tensor(0.0038, device='cuda:0'), tensor(0.0040, device='cuda:0'), tensor(0.0041, device='cuda:0'), tensor(0.0040, device='cuda:0'), tensor(0.0040, device='cuda:0'), tensor(0.0037, device='cuda:0'), tensor(0.0040, device='cuda:0'), tensor(0.0037, device='cuda:0'), tensor(0.0036, device='cuda:0'), tensor(0.0039, device='cuda:0'), tensor(0.0040, device='cuda:0'), tensor(0.0037, device='cuda:0'), tensor(0.0040, device='cuda:0'), tensor(0.0039, device='cuda:0'), tensor(0.0037, device='cuda:0'), tensor(0.0040, device='cuda:0'), tensor(0.0042, device='cuda:0'), tensor(0.0038, device='cuda:0'), tensor(0.0038, device='cuda:0'), tensor(0.0036, device='cuda:0')]"
98,"[tensor(0.0039, device='cuda:0'), tensor(0.0040, device='cuda:0'), tensor(0.0040, device='cuda:0'), tensor(0.0037, device='cuda:0'), tensor(0.0040, device='cuda:0'), tensor(0.0039, device='cuda:0'), tensor(0.0038, device='cuda:0'), tensor(0.0038, device='cuda:0'), tensor(0.0038, device='cuda:0'), tensor(0.0036, device='cuda:0'), tensor(0.0041, device='cuda:0'), tensor(0.0037, device='cuda:0'), tensor(0.0039, device='cuda:0'), tensor(0.0040, device='cuda:0'), tensor(0.0037, device='cuda:0'), tensor(0.0037, device='cuda:0'), tensor(0.0041, device='cuda:0'), tensor(0.0036, device='cuda:0'), tensor(0.0039, device='cuda:0'), tensor(0.0040, device='cuda:0'), tensor(0.0037, device='cuda:0'), tensor(0.0037, device='cuda:0'), tensor(0.0037, device='cuda:0'), tensor(0.0039, device='cuda:0'), tensor(0.0040, device='cuda:0')]"
99,"[tensor(0.0038, device='cuda:0'), tensor(0.0038, device='cuda:0'), tensor(0.0037, device='cuda:0'), tensor(0.0040, device='cuda:0'), tensor(0.0038, device='cuda:0'), tensor(0.0038, device='cuda:0'), tensor(0.0040, device='cuda:0'), tensor(0.0040, device='cuda:0'), tensor(0.0040, device='cuda:0'), tensor(0.0040, device='cuda:0'), tensor(0.0037, device='cuda:0'), tensor(0.0039, device='cuda:0'), tensor(0.0036, device='cuda:0'), tensor(0.0036, device='cuda:0'), tensor(0.0040, device='cuda:0'), tensor(0.0040, device='cuda:0'), tensor(0.0037, device='cuda:0'), tensor(0.0041, device='cuda:0'), tensor(0.0038, device='cuda:0'), tensor(0.0037, device='cuda:0'), tensor(0.0039, device='cuda:0'), tensor(0.0041, device='cuda:0'), tensor(0.0038, device='cuda:0'), tensor(0.0039, device='cuda:0'), tensor(0.0036, device='cuda:0')]"
