eigenvector_centrality,"[6, 27, 7, 37, 1, 12, 7, 19, 31, 10]"
0,"[0.11442786069651742, 0.135, 0.095, 0.085, 0.115, 0.2, 0.13, 0.135, 0.1, 0.12, 0.18, 0.095, 0.105, 0.09, 0.12, 0.12, 0.09, 0.08, 0.085, 0.1, 0.065, 0.085, 0.105, 0.135, 0.08, 0.045, 0.07, 0.105, 0.08, 0.135, 0.075, 0.105, 0.13, 0.085, 0.215, 0.115, 0.09, 0.12, 0.175, 0.14, 0.145, 0.19, 0.11, 0.13, 0.08, 0.11, 0.105, 0.205, 0.125, 0.08040201005025126]"
1,"[0.0845771144278607, 0.23, 0.07, 0.22, 0.115, 0.145, 0.105, 0.135, 0.11, 0.235, 0.125, 0.145, 0.105, 0.09, 0.155, 0.12, 0.18, 0.11, 0.085, 0.1, 0.085, 0.085, 0.105, 0.135, 0.08, 0.115, 0.115, 0.105, 0.08, 0.125, 0.16, 0.11, 0.215, 0.165, 0.11, 0.115, 0.075, 0.13, 0.145, 0.14, 0.07, 0.1, 0.075, 0.135, 0.08, 0.11, 0.135, 0.27, 0.075, 0.08040201005025126]"
2,"[0.0845771144278607, 0.29, 0.095, 0.08, 0.115, 0.11, 0.205, 0.135, 0.11, 0.255, 0.195, 0.145, 0.105, 0.09, 0.12, 0.12, 0.1, 0.11, 0.085, 0.1, 0.065, 0.085, 0.105, 0.135, 0.085, 0.055, 0.115, 0.19, 0.08, 0.125, 0.075, 0.11, 0.13, 0.085, 0.11, 0.115, 0.09, 0.12, 0.11, 0.155, 0.07, 0.125, 0.075, 0.095, 0.08, 0.11, 0.105, 0.07, 0.2, 0.08040201005025126]"
3,"[0.0845771144278607, 0.155, 0.095, 0.08, 0.08, 0.07, 0.105, 0.135, 0.11, 0.13, 0.2, 0.145, 0.105, 0.09, 0.12, 0.12, 0.1, 0.11, 0.085, 0.1, 0.235, 0.085, 0.105, 0.135, 0.095, 0.115, 0.115, 0.155, 0.08, 0.11, 0.075, 0.11, 0.235, 0.22, 0.11, 0.115, 0.09, 0.12, 0.14, 0.14, 0.07, 0.1, 0.075, 0.095, 0.08, 0.11, 0.135, 0.07, 0.145, 0.08040201005025126]"
4,"[0.15422885572139303, 0.1, 0.135, 0.08, 0.115, 0.07, 0.195, 0.135, 0.11, 0.175, 0.23, 0.145, 0.105, 0.09, 0.12, 0.12, 0.1, 0.11, 0.085, 0.1, 0.155, 0.085, 0.105, 0.135, 0.095, 0.115, 0.115, 0.265, 0.08, 0.11, 0.075, 0.18, 0.34, 0.11, 0.11, 0.115, 0.09, 0.12, 0.22, 0.085, 0.2, 0.195, 0.08, 0.145, 0.08, 0.11, 0.105, 0.135, 0.165, 0.08040201005025126]"
5,"[0.0845771144278607, 0.09, 0.215, 0.08, 0.13, 0.07, 0.41, 0.135, 0.15, 0.265, 0.18, 0.19, 0.105, 0.09, 0.12, 0.225, 0.1, 0.11, 0.085, 0.1, 0.28, 0.285, 0.115, 0.135, 0.175, 0.125, 0.195, 0.255, 0.08, 0.11, 0.075, 0.18, 0.155, 0.13, 0.25, 0.115, 0.09, 0.12, 0.22, 0.14, 0.125, 0.165, 0.075, 0.215, 0.235, 0.11, 0.135, 0.145, 0.11, 0.1507537688442211]"
6,"[0.2537313432835821, 0.1, 0.14, 0.08, 0.2, 0.07, 0.23, 0.185, 0.2, 0.27, 0.11, 0.215, 0.275, 0.215, 0.205, 0.25, 0.1, 0.12, 0.085, 0.1, 0.2, 0.29, 0.23, 0.24, 0.16, 0.085, 0.135, 0.355, 0.08, 0.075, 0.105, 0.22, 0.255, 0.105, 0.085, 0.11, 0.235, 0.12, 0.22, 0.085, 0.125, 0.09, 0.11, 0.24, 0.26, 0.11, 0.095, 0.155, 0.175, 0.19597989949748743]"
7,"[0.15920398009950248, 0.1, 0.32, 0.1, 0.18, 0.16, 0.345, 0.205, 0.165, 0.315, 0.15, 0.205, 0.12, 0.175, 0.12, 0.26, 0.1, 0.165, 0.085, 0.1, 0.285, 0.235, 0.18, 0.065, 0.16, 0.175, 0.12, 0.25, 0.09, 0.07, 0.09, 0.295, 0.145, 0.105, 0.21, 0.115, 0.17, 0.15, 0.25, 0.17, 0.125, 0.1, 0.145, 0.22, 0.26, 0.11, 0.095, 0.16, 0.185, 0.3417085427135678]"
8,"[0.31343283582089554, 0.15, 0.215, 0.085, 0.255, 0.22, 0.1, 0.28, 0.175, 0.31, 0.215, 0.365, 0.195, 0.22, 0.215, 0.185, 0.12, 0.125, 0.085, 0.1, 0.16, 0.235, 0.33, 0.15, 0.195, 0.175, 0.26, 0.425, 0.195, 0.085, 0.085, 0.21, 0.255, 0.22, 0.155, 0.32, 0.285, 0.265, 0.49, 0.14, 0.125, 0.165, 0.265, 0.32, 0.26, 0.14, 0.095, 0.2, 0.215, 0.135678391959799]"
9,"[0.12935323383084577, 0.22, 0.325, 0.365, 0.245, 0.235, 0.425, 0.325, 0.215, 0.33, 0.24, 0.19, 0.23, 0.215, 0.265, 0.295, 0.275, 0.36, 0.175, 0.185, 0.355, 0.24, 0.225, 0.19, 0.245, 0.35, 0.235, 0.195, 0.35, 0.28, 0.175, 0.375, 0.165, 0.25, 0.25, 0.175, 0.18, 0.37, 0.35, 0.355, 0.26, 0.135, 0.235, 0.305, 0.23, 0.17, 0.145, 0.205, 0.235, 0.2914572864321608]"
10,"[0.32338308457711445, 0.225, 0.185, 0.165, 0.32, 0.3, 0.08, 0.3, 0.35, 0.23, 0.32, 0.32, 0.2, 0.205, 0.415, 0.17, 0.38, 0.145, 0.26, 0.25, 0.155, 0.28, 0.215, 0.185, 0.255, 0.285, 0.315, 0.335, 0.3, 0.295, 0.275, 0.295, 0.29, 0.24, 0.205, 0.32, 0.31, 0.33, 0.35, 0.115, 0.305, 0.38, 0.445, 0.3, 0.375, 0.38, 0.18, 0.195, 0.215, 0.1658291457286432]"
11,"[0.12437810945273632, 0.44, 0.35, 0.345, 0.22, 0.285, 0.435, 0.425, 0.18, 0.315, 0.325, 0.195, 0.235, 0.295, 0.3, 0.325, 0.36, 0.385, 0.28, 0.285, 0.465, 0.265, 0.225, 0.37, 0.4, 0.34, 0.35, 0.245, 0.285, 0.195, 0.315, 0.3, 0.205, 0.42, 0.26, 0.145, 0.5, 0.365, 0.31, 0.285, 0.36, 0.265, 0.23, 0.32, 0.215, 0.245, 0.225, 0.32, 0.415, 0.23618090452261306]"
12,"[0.30845771144278605, 0.21, 0.18, 0.205, 0.39, 0.35, 0.21, 0.37, 0.37, 0.235, 0.34, 0.355, 0.215, 0.39, 0.415, 0.295, 0.375, 0.275, 0.255, 0.28, 0.2, 0.26, 0.205, 0.355, 0.27, 0.385, 0.215, 0.405, 0.34, 0.46, 0.245, 0.345, 0.34, 0.295, 0.23, 0.305, 0.32, 0.305, 0.305, 0.125, 0.415, 0.295, 0.31, 0.22, 0.375, 0.325, 0.31, 0.225, 0.29, 0.20100502512562815]"
13,"[0.1890547263681592, 0.31, 0.365, 0.38, 0.2, 0.33, 0.45, 0.31, 0.165, 0.3, 0.35, 0.25, 0.235, 0.215, 0.26, 0.365, 0.35, 0.37, 0.325, 0.405, 0.455, 0.26, 0.335, 0.355, 0.415, 0.28, 0.365, 0.26, 0.295, 0.24, 0.395, 0.27, 0.245, 0.38, 0.3, 0.24, 0.295, 0.335, 0.335, 0.305, 0.32, 0.33, 0.165, 0.3, 0.21, 0.245, 0.31, 0.285, 0.415, 0.25125628140703515]"
14,"[0.3333333333333333, 0.155, 0.17, 0.29, 0.375, 0.375, 0.23, 0.49, 0.405, 0.23, 0.285, 0.4, 0.265, 0.395, 0.375, 0.395, 0.345, 0.335, 0.37, 0.375, 0.31, 0.33, 0.25, 0.3, 0.22, 0.315, 0.235, 0.365, 0.3, 0.3, 0.175, 0.42, 0.375, 0.235, 0.225, 0.355, 0.28, 0.365, 0.315, 0.21, 0.37, 0.285, 0.265, 0.175, 0.385, 0.345, 0.395, 0.24, 0.295, 0.22110552763819097]"
15,"[0.263681592039801, 0.33, 0.36, 0.4, 0.355, 0.32, 0.46, 0.25, 0.16, 0.32, 0.325, 0.26, 0.245, 0.16, 0.255, 0.315, 0.325, 0.38, 0.365, 0.455, 0.45, 0.275, 0.385, 0.35, 0.405, 0.28, 0.295, 0.255, 0.32, 0.195, 0.305, 0.275, 0.275, 0.375, 0.37, 0.27, 0.28, 0.315, 0.36, 0.3, 0.295, 0.25, 0.12, 0.28, 0.235, 0.33, 0.315, 0.31, 0.305, 0.33668341708542715]"
16,"[0.21393034825870647, 0.165, 0.16, 0.315, 0.35, 0.32, 0.235, 0.405, 0.38, 0.235, 0.325, 0.415, 0.345, 0.365, 0.35, 0.39, 0.25, 0.315, 0.435, 0.305, 0.39, 0.33, 0.225, 0.29, 0.185, 0.22, 0.25, 0.435, 0.3, 0.24, 0.165, 0.435, 0.37, 0.205, 0.24, 0.355, 0.245, 0.405, 0.32, 0.205, 0.355, 0.345, 0.245, 0.165, 0.375, 0.325, 0.35, 0.22, 0.31, 0.24623115577889448]"
17,"[0.2935323383084577, 0.375, 0.355, 0.375, 0.365, 0.22, 0.39, 0.16, 0.135, 0.32, 0.32, 0.27, 0.27, 0.16, 0.255, 0.265, 0.315, 0.325, 0.335, 0.45, 0.48, 0.31, 0.39, 0.32, 0.4, 0.285, 0.305, 0.27, 0.34, 0.19, 0.305, 0.285, 0.315, 0.365, 0.385, 0.275, 0.27, 0.33, 0.335, 0.295, 0.28, 0.26, 0.115, 0.265, 0.23, 0.3, 0.24, 0.305, 0.3, 0.3417085427135678]"
18,"[0.1791044776119403, 0.19, 0.17, 0.355, 0.34, 0.325, 0.195, 0.365, 0.375, 0.29, 0.31, 0.405, 0.365, 0.36, 0.31, 0.38, 0.285, 0.29, 0.425, 0.25, 0.36, 0.335, 0.215, 0.285, 0.18, 0.245, 0.28, 0.415, 0.375, 0.235, 0.175, 0.445, 0.365, 0.18, 0.26, 0.3, 0.245, 0.415, 0.33, 0.14, 0.35, 0.305, 0.25, 0.165, 0.375, 0.295, 0.32, 0.23, 0.225, 0.25125628140703515]"
19,"[0.21890547263681592, 0.375, 0.325, 0.35, 0.37, 0.225, 0.29, 0.19, 0.12, 0.385, 0.305, 0.33, 0.3, 0.175, 0.26, 0.28, 0.295, 0.29, 0.36, 0.405, 0.435, 0.345, 0.38, 0.28, 0.395, 0.29, 0.275, 0.315, 0.325, 0.18, 0.3, 0.285, 0.345, 0.355, 0.37, 0.275, 0.275, 0.37, 0.295, 0.29, 0.285, 0.265, 0.165, 0.27, 0.26, 0.25, 0.22, 0.31, 0.29, 0.32160804020100503]"
20,"[0.14427860696517414, 0.245, 0.195, 0.365, 0.34, 0.32, 0.2, 0.345, 0.355, 0.325, 0.3, 0.395, 0.35, 0.35, 0.285, 0.39, 0.285, 0.355, 0.4, 0.255, 0.355, 0.33, 0.18, 0.315, 0.19, 0.27, 0.32, 0.35, 0.365, 0.245, 0.165, 0.42, 0.365, 0.22, 0.27, 0.285, 0.245, 0.41, 0.355, 0.12, 0.36, 0.28, 0.235, 0.175, 0.41, 0.275, 0.3, 0.235, 0.195, 0.25125628140703515]"
21,"[0.14925373134328357, 0.375, 0.315, 0.35, 0.415, 0.285, 0.275, 0.2, 0.165, 0.46, 0.285, 0.345, 0.325, 0.225, 0.265, 0.31, 0.265, 0.28, 0.385, 0.375, 0.4, 0.36, 0.37, 0.25, 0.395, 0.34, 0.275, 0.29, 0.325, 0.17, 0.29, 0.34, 0.35, 0.365, 0.37, 0.305, 0.28, 0.4, 0.275, 0.29, 0.275, 0.275, 0.19, 0.27, 0.305, 0.27, 0.23, 0.31, 0.295, 0.33668341708542715]"
22,"[0.15920398009950248, 0.295, 0.225, 0.41, 0.335, 0.32, 0.265, 0.355, 0.325, 0.32, 0.305, 0.42, 0.345, 0.3, 0.265, 0.385, 0.3, 0.365, 0.38, 0.31, 0.395, 0.355, 0.215, 0.34, 0.2, 0.275, 0.375, 0.305, 0.34, 0.25, 0.185, 0.44, 0.405, 0.24, 0.25, 0.255, 0.255, 0.365, 0.39, 0.12, 0.38, 0.27, 0.23, 0.22, 0.42, 0.275, 0.3, 0.27, 0.205, 0.25125628140703515]"
23,"[0.14427860696517414, 0.375, 0.285, 0.33, 0.425, 0.305, 0.27, 0.195, 0.19, 0.375, 0.27, 0.355, 0.34, 0.235, 0.285, 0.33, 0.275, 0.29, 0.425, 0.36, 0.385, 0.37, 0.36, 0.25, 0.405, 0.38, 0.275, 0.305, 0.315, 0.14, 0.29, 0.41, 0.35, 0.375, 0.355, 0.315, 0.28, 0.39, 0.275, 0.285, 0.26, 0.285, 0.23, 0.265, 0.355, 0.295, 0.335, 0.315, 0.3, 0.34673366834170855]"
24,"[0.1691542288557214, 0.31, 0.255, 0.39, 0.34, 0.35, 0.29, 0.405, 0.32, 0.315, 0.295, 0.415, 0.335, 0.295, 0.265, 0.375, 0.29, 0.38, 0.37, 0.34, 0.405, 0.36, 0.25, 0.345, 0.215, 0.285, 0.38, 0.28, 0.315, 0.245, 0.19, 0.405, 0.39, 0.265, 0.29, 0.255, 0.27, 0.255, 0.405, 0.21, 0.335, 0.29, 0.235, 0.295, 0.4, 0.265, 0.295, 0.3, 0.22, 0.25125628140703515]"
25,"[0.1791044776119403, 0.34, 0.275, 0.33, 0.425, 0.305, 0.285, 0.185, 0.22, 0.36, 0.28, 0.345, 0.345, 0.27, 0.295, 0.375, 0.26, 0.29, 0.46, 0.355, 0.47, 0.375, 0.35, 0.255, 0.41, 0.415, 0.31, 0.315, 0.315, 0.13, 0.295, 0.395, 0.32, 0.415, 0.34, 0.295, 0.27, 0.435, 0.285, 0.285, 0.245, 0.31, 0.225, 0.25, 0.37, 0.3, 0.365, 0.31, 0.315, 0.35678391959798994]"
26,"[0.1791044776119403, 0.37, 0.255, 0.36, 0.34, 0.33, 0.4, 0.475, 0.315, 0.335, 0.335, 0.41, 0.365, 0.3, 0.27, 0.38, 0.285, 0.34, 0.37, 0.365, 0.39, 0.355, 0.255, 0.35, 0.205, 0.27, 0.405, 0.315, 0.33, 0.25, 0.205, 0.39, 0.37, 0.255, 0.29, 0.25, 0.3, 0.32, 0.41, 0.26, 0.315, 0.315, 0.22, 0.31, 0.385, 0.27, 0.28, 0.3, 0.25, 0.2663316582914573]"
27,"[0.24378109452736318, 0.315, 0.265, 0.325, 0.42, 0.31, 0.305, 0.17, 0.225, 0.37, 0.345, 0.365, 0.355, 0.29, 0.31, 0.37, 0.335, 0.355, 0.455, 0.385, 0.355, 0.39, 0.375, 0.26, 0.415, 0.44, 0.31, 0.305, 0.24, 0.3, 0.31, 0.29, 0.34, 0.34, 0.36, 0.285, 0.27, 0.485, 0.28, 0.285, 0.32, 0.315, 0.25, 0.27, 0.375, 0.29, 0.395, 0.305, 0.36, 0.36683417085427134]"
28,"[0.17412935323383086, 0.29, 0.185, 0.335, 0.355, 0.315, 0.31, 0.455, 0.31, 0.275, 0.295, 0.415, 0.33, 0.32, 0.27, 0.375, 0.235, 0.395, 0.475, 0.295, 0.425, 0.36, 0.31, 0.35, 0.22, 0.23, 0.41, 0.295, 0.345, 0.28, 0.23, 0.395, 0.4, 0.405, 0.21, 0.325, 0.315, 0.285, 0.355, 0.355, 0.4, 0.35, 0.245, 0.33, 0.37, 0.32, 0.34, 0.31, 0.31, 0.27638190954773867]"
29,"[0.21890547263681592, 0.36, 0.26, 0.345, 0.425, 0.32, 0.34, 0.24, 0.245, 0.445, 0.385, 0.365, 0.36, 0.295, 0.315, 0.375, 0.405, 0.27, 0.38, 0.43, 0.275, 0.41, 0.38, 0.28, 0.425, 0.435, 0.31, 0.355, 0.185, 0.36, 0.33, 0.31, 0.34, 0.315, 0.35, 0.255, 0.25, 0.615, 0.29, 0.305, 0.28, 0.24, 0.28, 0.27, 0.38, 0.28, 0.31, 0.305, 0.325, 0.37185929648241206]"
30,"[0.24875621890547264, 0.225, 0.275, 0.315, 0.355, 0.325, 0.41, 0.395, 0.325, 0.3, 0.295, 0.405, 0.305, 0.33, 0.295, 0.375, 0.23, 0.365, 0.54, 0.245, 0.415, 0.365, 0.335, 0.34, 0.265, 0.275, 0.41, 0.28, 0.325, 0.345, 0.23, 0.375, 0.29, 0.425, 0.27, 0.33, 0.36, 0.285, 0.35, 0.335, 0.24, 0.375, 0.285, 0.34, 0.375, 0.42, 0.38, 0.315, 0.345, 0.3015075376884422]"
31,"[0.22885572139303484, 0.375, 0.265, 0.29, 0.425, 0.345, 0.32, 0.27, 0.29, 0.45, 0.415, 0.385, 0.355, 0.29, 0.295, 0.365, 0.355, 0.195, 0.31, 0.39, 0.29, 0.425, 0.395, 0.285, 0.435, 0.43, 0.32, 0.425, 0.15, 0.32, 0.345, 0.31, 0.305, 0.335, 0.34, 0.215, 0.265, 0.57, 0.335, 0.375, 0.255, 0.16, 0.265, 0.28, 0.38, 0.235, 0.255, 0.31, 0.34, 0.37185929648241206]"
32,"[0.2885572139303483, 0.22, 0.39, 0.305, 0.365, 0.315, 0.43, 0.31, 0.33, 0.295, 0.285, 0.405, 0.305, 0.35, 0.315, 0.375, 0.245, 0.34, 0.485, 0.19, 0.36, 0.38, 0.345, 0.34, 0.285, 0.34, 0.36, 0.315, 0.315, 0.38, 0.26, 0.335, 0.235, 0.37, 0.45, 0.22, 0.35, 0.25, 0.335, 0.325, 0.18, 0.405, 0.325, 0.365, 0.385, 0.37, 0.425, 0.32, 0.28, 0.32160804020100503]"
33,"[0.21890547263681592, 0.375, 0.275, 0.19, 0.43, 0.305, 0.315, 0.35, 0.32, 0.42, 0.445, 0.375, 0.35, 0.295, 0.29, 0.365, 0.3, 0.26, 0.29, 0.385, 0.365, 0.425, 0.41, 0.315, 0.44, 0.43, 0.305, 0.375, 0.215, 0.285, 0.33, 0.34, 0.4, 0.325, 0.345, 0.25, 0.3, 0.4, 0.335, 0.4, 0.285, 0.125, 0.235, 0.31, 0.39, 0.175, 0.25, 0.31, 0.37, 0.3768844221105528]"
34,"[0.2835820895522388, 0.255, 0.24, 0.375, 0.365, 0.31, 0.425, 0.3, 0.335, 0.285, 0.265, 0.4, 0.3, 0.355, 0.325, 0.4, 0.24, 0.385, 0.485, 0.175, 0.385, 0.385, 0.385, 0.37, 0.29, 0.375, 0.34, 0.445, 0.32, 0.37, 0.3, 0.295, 0.22, 0.365, 0.395, 0.245, 0.35, 0.34, 0.305, 0.345, 0.18, 0.38, 0.355, 0.37, 0.39, 0.385, 0.435, 0.32, 0.235, 0.3417085427135678]"
35,"[0.21890547263681592, 0.39, 0.29, 0.2, 0.36, 0.325, 0.32, 0.37, 0.375, 0.405, 0.465, 0.37, 0.31, 0.3, 0.305, 0.38, 0.395, 0.255, 0.275, 0.365, 0.32, 0.42, 0.435, 0.345, 0.435, 0.44, 0.325, 0.37, 0.225, 0.295, 0.31, 0.385, 0.335, 0.335, 0.34, 0.335, 0.34, 0.29, 0.315, 0.375, 0.345, 0.155, 0.26, 0.345, 0.385, 0.24, 0.25, 0.3, 0.47, 0.38190954773869346]"
36,"[0.3034825870646766, 0.285, 0.205, 0.39, 0.365, 0.31, 0.32, 0.32, 0.345, 0.27, 0.32, 0.435, 0.305, 0.365, 0.34, 0.42, 0.29, 0.44, 0.52, 0.195, 0.345, 0.405, 0.395, 0.385, 0.295, 0.37, 0.325, 0.515, 0.41, 0.355, 0.35, 0.235, 0.29, 0.41, 0.34, 0.25, 0.375, 0.37, 0.31, 0.23, 0.21, 0.4, 0.355, 0.375, 0.38, 0.415, 0.43, 0.325, 0.23, 0.33668341708542715]"
37,"[0.21890547263681592, 0.445, 0.285, 0.25, 0.37, 0.3, 0.43, 0.295, 0.39, 0.385, 0.38, 0.375, 0.27, 0.325, 0.32, 0.37, 0.42, 0.275, 0.29, 0.36, 0.39, 0.43, 0.42, 0.36, 0.43, 0.45, 0.34, 0.3, 0.25, 0.29, 0.315, 0.385, 0.45, 0.365, 0.34, 0.345, 0.34, 0.355, 0.325, 0.425, 0.315, 0.245, 0.295, 0.335, 0.375, 0.315, 0.275, 0.31, 0.46, 0.38190954773869346]"
38,"[0.373134328358209, 0.3, 0.145, 0.395, 0.37, 0.345, 0.33, 0.345, 0.35, 0.285, 0.345, 0.45, 0.285, 0.37, 0.345, 0.425, 0.305, 0.46, 0.525, 0.23, 0.365, 0.44, 0.36, 0.395, 0.29, 0.375, 0.34, 0.545, 0.415, 0.39, 0.33, 0.25, 0.38, 0.435, 0.25, 0.24, 0.39, 0.375, 0.32, 0.225, 0.22, 0.45, 0.365, 0.375, 0.385, 0.43, 0.415, 0.35, 0.22, 0.35175879396984927]"
39,"[0.21393034825870647, 0.45, 0.285, 0.245, 0.38, 0.29, 0.42, 0.28, 0.4, 0.42, 0.29, 0.365, 0.23, 0.335, 0.345, 0.38, 0.43, 0.305, 0.34, 0.395, 0.5, 0.41, 0.42, 0.39, 0.43, 0.435, 0.34, 0.275, 0.26, 0.295, 0.31, 0.385, 0.41, 0.43, 0.38, 0.38, 0.34, 0.395, 0.385, 0.435, 0.355, 0.305, 0.28, 0.325, 0.37, 0.33, 0.275, 0.325, 0.45, 0.38190954773869346]"
40,"[0.373134328358209, 0.315, 0.155, 0.43, 0.365, 0.345, 0.4, 0.35, 0.365, 0.325, 0.355, 0.46, 0.275, 0.38, 0.345, 0.435, 0.315, 0.52, 0.525, 0.26, 0.35, 0.43, 0.355, 0.45, 0.27, 0.44, 0.36, 0.425, 0.44, 0.435, 0.32, 0.195, 0.36, 0.415, 0.26, 0.275, 0.38, 0.365, 0.32, 0.23, 0.23, 0.445, 0.415, 0.375, 0.4, 0.41, 0.395, 0.375, 0.235, 0.36180904522613067]"
41,"[0.27860696517412936, 0.525, 0.31, 0.23, 0.38, 0.25, 0.45, 0.24, 0.37, 0.365, 0.285, 0.365, 0.245, 0.35, 0.355, 0.365, 0.415, 0.345, 0.35, 0.415, 0.565, 0.395, 0.405, 0.41, 0.43, 0.44, 0.35, 0.38, 0.215, 0.29, 0.335, 0.405, 0.475, 0.4, 0.38, 0.445, 0.395, 0.44, 0.39, 0.425, 0.375, 0.35, 0.28, 0.32, 0.36, 0.385, 0.245, 0.325, 0.44, 0.3869346733668342]"
42,"[0.39303482587064675, 0.32, 0.155, 0.45, 0.37, 0.38, 0.525, 0.355, 0.36, 0.325, 0.355, 0.47, 0.3, 0.38, 0.35, 0.44, 0.335, 0.535, 0.515, 0.25, 0.325, 0.42, 0.36, 0.44, 0.25, 0.455, 0.36, 0.475, 0.43, 0.465, 0.31, 0.19, 0.33, 0.485, 0.27, 0.22, 0.34, 0.36, 0.335, 0.245, 0.235, 0.465, 0.41, 0.38, 0.41, 0.34, 0.395, 0.38, 0.225, 0.35678391959798994]"
43,"[0.36318407960199006, 0.52, 0.325, 0.175, 0.35, 0.27, 0.425, 0.185, 0.365, 0.305, 0.245, 0.37, 0.21, 0.345, 0.37, 0.37, 0.385, 0.355, 0.365, 0.435, 0.495, 0.39, 0.41, 0.445, 0.42, 0.46, 0.35, 0.335, 0.195, 0.305, 0.375, 0.39, 0.425, 0.395, 0.385, 0.435, 0.415, 0.435, 0.41, 0.44, 0.425, 0.375, 0.275, 0.33, 0.355, 0.36, 0.275, 0.345, 0.455, 0.38190954773869346]"
44,"[0.39800995024875624, 0.315, 0.175, 0.425, 0.405, 0.41, 0.495, 0.375, 0.38, 0.305, 0.375, 0.475, 0.305, 0.39, 0.35, 0.455, 0.425, 0.545, 0.55, 0.25, 0.295, 0.42, 0.355, 0.425, 0.25, 0.435, 0.375, 0.48, 0.505, 0.43, 0.285, 0.21, 0.295, 0.535, 0.215, 0.205, 0.32, 0.385, 0.395, 0.27, 0.25, 0.435, 0.43, 0.375, 0.42, 0.285, 0.395, 0.385, 0.225, 0.37185929648241206]"
45,"[0.40298507462686567, 0.485, 0.33, 0.19, 0.325, 0.26, 0.43, 0.17, 0.365, 0.35, 0.305, 0.37, 0.175, 0.355, 0.37, 0.385, 0.415, 0.3, 0.265, 0.44, 0.515, 0.39, 0.415, 0.415, 0.415, 0.46, 0.36, 0.285, 0.195, 0.29, 0.38, 0.405, 0.455, 0.38, 0.395, 0.44, 0.42, 0.365, 0.39, 0.47, 0.355, 0.355, 0.28, 0.34, 0.355, 0.405, 0.245, 0.35, 0.395, 0.3869346733668342]"
46,"[0.3880597014925373, 0.315, 0.185, 0.425, 0.405, 0.425, 0.48, 0.38, 0.4, 0.29, 0.395, 0.465, 0.295, 0.395, 0.365, 0.465, 0.385, 0.59, 0.535, 0.27, 0.34, 0.405, 0.355, 0.415, 0.275, 0.45, 0.38, 0.43, 0.49, 0.41, 0.265, 0.225, 0.335, 0.47, 0.205, 0.205, 0.325, 0.395, 0.42, 0.365, 0.28, 0.435, 0.395, 0.375, 0.41, 0.31, 0.41, 0.375, 0.265, 0.36180904522613067]"
47,"[0.3482587064676617, 0.475, 0.34, 0.18, 0.32, 0.245, 0.5, 0.155, 0.36, 0.365, 0.29, 0.37, 0.2, 0.36, 0.345, 0.39, 0.4, 0.315, 0.32, 0.445, 0.505, 0.39, 0.405, 0.36, 0.41, 0.465, 0.365, 0.305, 0.19, 0.29, 0.39, 0.405, 0.405, 0.4, 0.41, 0.425, 0.41, 0.385, 0.32, 0.495, 0.395, 0.38, 0.285, 0.335, 0.35, 0.4, 0.23, 0.35, 0.425, 0.3768844221105528]"
48,"[0.46766169154228854, 0.305, 0.16, 0.435, 0.415, 0.425, 0.48, 0.35, 0.395, 0.27, 0.395, 0.45, 0.295, 0.4, 0.335, 0.46, 0.38, 0.535, 0.53, 0.29, 0.33, 0.41, 0.34, 0.415, 0.28, 0.425, 0.395, 0.45, 0.465, 0.425, 0.24, 0.225, 0.375, 0.465, 0.185, 0.2, 0.345, 0.43, 0.405, 0.325, 0.275, 0.43, 0.4, 0.335, 0.4, 0.35, 0.41, 0.345, 0.29, 0.35678391959798994]"
49,"[0.30845771144278605, 0.48, 0.34, 0.2, 0.305, 0.245, 0.415, 0.155, 0.34, 0.35, 0.3, 0.345, 0.2, 0.355, 0.345, 0.405, 0.42, 0.315, 0.38, 0.455, 0.435, 0.43, 0.42, 0.345, 0.41, 0.47, 0.36, 0.355, 0.18, 0.29, 0.375, 0.375, 0.325, 0.445, 0.41, 0.39, 0.39, 0.405, 0.295, 0.525, 0.415, 0.385, 0.28, 0.33, 0.36, 0.375, 0.26, 0.335, 0.46, 0.3768844221105528]"
50,"[0.47761194029850745, 0.315, 0.155, 0.425, 0.42, 0.395, 0.49, 0.37, 0.39, 0.275, 0.365, 0.45, 0.3, 0.405, 0.325, 0.455, 0.38, 0.515, 0.485, 0.295, 0.31, 0.37, 0.325, 0.42, 0.305, 0.405, 0.4, 0.32, 0.43, 0.42, 0.22, 0.225, 0.415, 0.525, 0.18, 0.195, 0.35, 0.365, 0.38, 0.31, 0.305, 0.425, 0.415, 0.315, 0.4, 0.335, 0.395, 0.34, 0.31, 0.36683417085427134]"
51,"[0.3333333333333333, 0.47, 0.335, 0.22, 0.3, 0.275, 0.4, 0.17, 0.335, 0.325, 0.32, 0.32, 0.175, 0.36, 0.34, 0.4, 0.405, 0.35, 0.37, 0.44, 0.395, 0.435, 0.42, 0.36, 0.41, 0.445, 0.35, 0.395, 0.185, 0.31, 0.365, 0.39, 0.305, 0.455, 0.4, 0.38, 0.38, 0.425, 0.28, 0.525, 0.41, 0.39, 0.275, 0.355, 0.35, 0.395, 0.31, 0.34, 0.45, 0.3869346733668342]"
52,"[0.39303482587064675, 0.345, 0.175, 0.415, 0.41, 0.395, 0.52, 0.375, 0.395, 0.275, 0.39, 0.44, 0.285, 0.41, 0.345, 0.465, 0.38, 0.485, 0.455, 0.34, 0.355, 0.315, 0.325, 0.425, 0.32, 0.415, 0.39, 0.39, 0.45, 0.425, 0.205, 0.155, 0.42, 0.53, 0.195, 0.17, 0.365, 0.385, 0.375, 0.355, 0.32, 0.42, 0.44, 0.3, 0.41, 0.32, 0.37, 0.335, 0.34, 0.3768844221105528]"
53,"[0.39303482587064675, 0.47, 0.33, 0.245, 0.3, 0.275, 0.355, 0.15, 0.335, 0.31, 0.35, 0.315, 0.145, 0.365, 0.345, 0.385, 0.415, 0.455, 0.365, 0.455, 0.415, 0.425, 0.42, 0.355, 0.405, 0.465, 0.36, 0.46, 0.245, 0.31, 0.365, 0.395, 0.32, 0.47, 0.4, 0.37, 0.37, 0.38, 0.29, 0.51, 0.395, 0.4, 0.27, 0.355, 0.35, 0.425, 0.325, 0.33, 0.47, 0.3969849246231156]"
54,"[0.3333333333333333, 0.35, 0.19, 0.405, 0.39, 0.395, 0.48, 0.375, 0.395, 0.25, 0.42, 0.44, 0.25, 0.4, 0.36, 0.44, 0.4, 0.52, 0.465, 0.365, 0.33, 0.32, 0.325, 0.425, 0.325, 0.445, 0.385, 0.425, 0.43, 0.435, 0.205, 0.15, 0.385, 0.525, 0.22, 0.22, 0.37, 0.395, 0.37, 0.365, 0.32, 0.405, 0.445, 0.3, 0.41, 0.355, 0.355, 0.345, 0.355, 0.3969849246231156]"
55,"[0.40298507462686567, 0.455, 0.315, 0.265, 0.3, 0.255, 0.36, 0.155, 0.35, 0.325, 0.36, 0.32, 0.18, 0.34, 0.345, 0.34, 0.42, 0.43, 0.39, 0.48, 0.425, 0.415, 0.415, 0.35, 0.405, 0.47, 0.355, 0.47, 0.31, 0.315, 0.365, 0.395, 0.34, 0.525, 0.405, 0.38, 0.395, 0.42, 0.295, 0.47, 0.44, 0.39, 0.285, 0.355, 0.345, 0.435, 0.345, 0.315, 0.545, 0.3969849246231156]"
56,"[0.3283582089552239, 0.36, 0.21, 0.405, 0.37, 0.395, 0.455, 0.37, 0.375, 0.23, 0.435, 0.435, 0.22, 0.405, 0.385, 0.41, 0.41, 0.395, 0.49, 0.41, 0.335, 0.35, 0.315, 0.425, 0.335, 0.47, 0.385, 0.405, 0.395, 0.44, 0.2, 0.165, 0.355, 0.48, 0.28, 0.285, 0.38, 0.465, 0.39, 0.35, 0.38, 0.445, 0.43, 0.3, 0.405, 0.41, 0.39, 0.34, 0.37, 0.39195979899497485]"
57,"[0.417910447761194, 0.445, 0.295, 0.285, 0.305, 0.23, 0.36, 0.17, 0.375, 0.33, 0.38, 0.34, 0.185, 0.355, 0.365, 0.36, 0.445, 0.46, 0.495, 0.46, 0.425, 0.39, 0.415, 0.35, 0.405, 0.455, 0.35, 0.44, 0.34, 0.32, 0.375, 0.4, 0.325, 0.525, 0.4, 0.385, 0.38, 0.39, 0.325, 0.47, 0.395, 0.405, 0.29, 0.365, 0.35, 0.45, 0.405, 0.315, 0.485, 0.4020100502512563]"
58,"[0.3333333333333333, 0.375, 0.205, 0.4, 0.36, 0.4, 0.455, 0.41, 0.35, 0.22, 0.435, 0.445, 0.215, 0.425, 0.405, 0.375, 0.41, 0.41, 0.475, 0.44, 0.32, 0.375, 0.325, 0.43, 0.34, 0.455, 0.38, 0.4, 0.43, 0.445, 0.19, 0.19, 0.34, 0.465, 0.27, 0.25, 0.39, 0.49, 0.39, 0.365, 0.45, 0.445, 0.41, 0.31, 0.4, 0.405, 0.455, 0.34, 0.46, 0.40703517587939697]"
59,"[0.40298507462686567, 0.44, 0.285, 0.25, 0.315, 0.21, 0.35, 0.185, 0.375, 0.325, 0.37, 0.345, 0.195, 0.355, 0.385, 0.35, 0.43, 0.455, 0.585, 0.44, 0.385, 0.375, 0.41, 0.365, 0.41, 0.445, 0.365, 0.44, 0.365, 0.32, 0.37, 0.395, 0.28, 0.54, 0.34, 0.445, 0.395, 0.375, 0.36, 0.48, 0.39, 0.42, 0.305, 0.375, 0.345, 0.475, 0.5, 0.305, 0.44, 0.4020100502512563]"
60,"[0.3283582089552239, 0.445, 0.21, 0.445, 0.37, 0.405, 0.465, 0.415, 0.345, 0.23, 0.43, 0.445, 0.24, 0.42, 0.405, 0.365, 0.41, 0.49, 0.46, 0.48, 0.335, 0.385, 0.32, 0.44, 0.36, 0.44, 0.36, 0.37, 0.505, 0.435, 0.175, 0.215, 0.345, 0.49, 0.285, 0.28, 0.385, 0.455, 0.4, 0.41, 0.44, 0.51, 0.4, 0.33, 0.41, 0.415, 0.48, 0.35, 0.45, 0.4120603015075377]"
61,"[0.4079601990049751, 0.465, 0.3, 0.275, 0.32, 0.185, 0.345, 0.2, 0.365, 0.32, 0.385, 0.35, 0.185, 0.335, 0.385, 0.375, 0.47, 0.5, 0.47, 0.445, 0.365, 0.35, 0.4, 0.375, 0.405, 0.445, 0.39, 0.455, 0.39, 0.325, 0.365, 0.4, 0.26, 0.49, 0.345, 0.46, 0.385, 0.4, 0.34, 0.485, 0.39, 0.425, 0.3, 0.365, 0.34, 0.455, 0.44, 0.3, 0.41, 0.4020100502512563]"
62,"[0.31840796019900497, 0.44, 0.23, 0.495, 0.385, 0.405, 0.375, 0.4, 0.335, 0.245, 0.425, 0.445, 0.275, 0.42, 0.41, 0.355, 0.475, 0.53, 0.495, 0.445, 0.35, 0.38, 0.35, 0.44, 0.375, 0.44, 0.355, 0.36, 0.54, 0.435, 0.15, 0.23, 0.38, 0.51, 0.315, 0.335, 0.39, 0.43, 0.4, 0.485, 0.46, 0.505, 0.395, 0.355, 0.41, 0.43, 0.49, 0.35, 0.455, 0.4221105527638191]"
63,"[0.4577114427860697, 0.465, 0.31, 0.295, 0.32, 0.185, 0.335, 0.235, 0.355, 0.34, 0.38, 0.335, 0.175, 0.345, 0.38, 0.385, 0.495, 0.49, 0.44, 0.47, 0.405, 0.35, 0.395, 0.37, 0.405, 0.43, 0.41, 0.49, 0.425, 0.33, 0.365, 0.41, 0.31, 0.5, 0.395, 0.44, 0.38, 0.45, 0.255, 0.445, 0.385, 0.41, 0.305, 0.38, 0.35, 0.48, 0.435, 0.285, 0.4, 0.4120603015075377]"
64,"[0.31343283582089554, 0.445, 0.29, 0.48, 0.39, 0.39, 0.27, 0.375, 0.34, 0.255, 0.425, 0.46, 0.28, 0.425, 0.41, 0.355, 0.485, 0.59, 0.555, 0.44, 0.38, 0.375, 0.365, 0.45, 0.38, 0.445, 0.36, 0.325, 0.515, 0.415, 0.125, 0.25, 0.445, 0.505, 0.36, 0.37, 0.405, 0.435, 0.395, 0.395, 0.485, 0.48, 0.355, 0.385, 0.425, 0.455, 0.505, 0.385, 0.5, 0.4221105527638191]"
65,"[0.36318407960199006, 0.44, 0.31, 0.315, 0.34, 0.18, 0.34, 0.235, 0.375, 0.335, 0.39, 0.35, 0.15, 0.35, 0.385, 0.42, 0.52, 0.43, 0.465, 0.455, 0.34, 0.35, 0.395, 0.365, 0.395, 0.42, 0.41, 0.425, 0.415, 0.33, 0.35, 0.4, 0.295, 0.465, 0.405, 0.45, 0.37, 0.47, 0.245, 0.465, 0.365, 0.415, 0.295, 0.4, 0.36, 0.455, 0.47, 0.29, 0.385, 0.40703517587939697]"
66,"[0.3283582089552239, 0.455, 0.275, 0.45, 0.38, 0.38, 0.29, 0.36, 0.325, 0.245, 0.45, 0.465, 0.315, 0.41, 0.41, 0.37, 0.465, 0.53, 0.49, 0.475, 0.39, 0.385, 0.365, 0.465, 0.385, 0.435, 0.37, 0.35, 0.48, 0.4, 0.125, 0.225, 0.45, 0.505, 0.365, 0.395, 0.41, 0.435, 0.395, 0.37, 0.435, 0.425, 0.335, 0.395, 0.44, 0.48, 0.49, 0.405, 0.5, 0.4321608040201005]"
67,"[0.3482587064676617, 0.45, 0.3, 0.35, 0.35, 0.195, 0.33, 0.23, 0.405, 0.325, 0.395, 0.35, 0.155, 0.345, 0.4, 0.42, 0.505, 0.43, 0.42, 0.44, 0.375, 0.35, 0.4, 0.41, 0.395, 0.43, 0.41, 0.37, 0.385, 0.325, 0.325, 0.41, 0.35, 0.425, 0.345, 0.42, 0.36, 0.505, 0.235, 0.46, 0.34, 0.46, 0.32, 0.405, 0.36, 0.46, 0.41, 0.285, 0.355, 0.4321608040201005]"
68,"[0.30845771144278605, 0.43, 0.21, 0.435, 0.385, 0.36, 0.305, 0.355, 0.355, 0.265, 0.41, 0.48, 0.29, 0.415, 0.405, 0.375, 0.425, 0.505, 0.485, 0.46, 0.395, 0.385, 0.37, 0.525, 0.395, 0.43, 0.38, 0.425, 0.46, 0.395, 0.125, 0.235, 0.4, 0.47, 0.19, 0.385, 0.425, 0.45, 0.395, 0.335, 0.455, 0.4, 0.32, 0.425, 0.425, 0.495, 0.47, 0.405, 0.485, 0.41708542713567837]"
69,"[0.3582089552238806, 0.465, 0.25, 0.395, 0.35, 0.205, 0.335, 0.19, 0.415, 0.325, 0.425, 0.38, 0.16, 0.36, 0.41, 0.425, 0.54, 0.45, 0.445, 0.45, 0.37, 0.365, 0.405, 0.47, 0.395, 0.435, 0.415, 0.365, 0.46, 0.4, 0.335, 0.41, 0.41, 0.415, 0.28, 0.43, 0.36, 0.48, 0.23, 0.4, 0.34, 0.47, 0.425, 0.425, 0.365, 0.45, 0.425, 0.295, 0.34, 0.3969849246231156]"
70,"[0.2935323383084577, 0.4, 0.225, 0.445, 0.39, 0.36, 0.325, 0.365, 0.38, 0.27, 0.405, 0.495, 0.315, 0.445, 0.425, 0.405, 0.44, 0.56, 0.5, 0.46, 0.35, 0.38, 0.36, 0.51, 0.4, 0.45, 0.38, 0.42, 0.485, 0.415, 0.115, 0.22, 0.325, 0.485, 0.22, 0.385, 0.42, 0.465, 0.405, 0.325, 0.405, 0.435, 0.34, 0.425, 0.44, 0.5, 0.455, 0.395, 0.49, 0.41708542713567837]"
71,"[0.39800995024875624, 0.46, 0.225, 0.4, 0.345, 0.21, 0.33, 0.135, 0.42, 0.325, 0.455, 0.385, 0.185, 0.365, 0.405, 0.415, 0.48, 0.515, 0.41, 0.46, 0.405, 0.36, 0.405, 0.505, 0.4, 0.465, 0.42, 0.42, 0.43, 0.45, 0.345, 0.42, 0.4, 0.39, 0.28, 0.44, 0.37, 0.5, 0.25, 0.375, 0.315, 0.485, 0.455, 0.43, 0.35, 0.425, 0.375, 0.305, 0.325, 0.4020100502512563]"
72,"[0.26865671641791045, 0.405, 0.235, 0.43, 0.39, 0.365, 0.325, 0.395, 0.39, 0.255, 0.425, 0.51, 0.34, 0.455, 0.435, 0.415, 0.485, 0.575, 0.54, 0.44, 0.32, 0.39, 0.35, 0.515, 0.41, 0.445, 0.38, 0.405, 0.52, 0.445, 0.115, 0.23, 0.325, 0.515, 0.225, 0.4, 0.41, 0.44, 0.39, 0.34, 0.39, 0.475, 0.36, 0.395, 0.465, 0.5, 0.5, 0.375, 0.545, 0.41708542713567837]"
73,"[0.40298507462686567, 0.445, 0.225, 0.41, 0.355, 0.205, 0.31, 0.15, 0.425, 0.305, 0.425, 0.39, 0.215, 0.37, 0.4, 0.41, 0.47, 0.505, 0.43, 0.505, 0.39, 0.365, 0.41, 0.48, 0.42, 0.48, 0.415, 0.425, 0.445, 0.47, 0.35, 0.39, 0.38, 0.395, 0.275, 0.44, 0.39, 0.57, 0.28, 0.365, 0.335, 0.545, 0.475, 0.46, 0.33, 0.45, 0.395, 0.325, 0.345, 0.37185929648241206]"
74,"[0.2835820895522388, 0.435, 0.245, 0.435, 0.4, 0.365, 0.32, 0.4, 0.405, 0.24, 0.42, 0.515, 0.345, 0.48, 0.475, 0.425, 0.455, 0.56, 0.495, 0.45, 0.33, 0.395, 0.345, 0.485, 0.415, 0.48, 0.38, 0.365, 0.53, 0.39, 0.135, 0.23, 0.345, 0.51, 0.22, 0.395, 0.395, 0.445, 0.375, 0.345, 0.385, 0.43, 0.35, 0.375, 0.485, 0.49, 0.43, 0.365, 0.53, 0.4271356783919598]"
75,"[0.39800995024875624, 0.455, 0.22, 0.4, 0.355, 0.195, 0.3, 0.185, 0.425, 0.3, 0.43, 0.405, 0.24, 0.41, 0.385, 0.4, 0.495, 0.465, 0.475, 0.47, 0.345, 0.38, 0.415, 0.43, 0.42, 0.52, 0.445, 0.435, 0.45, 0.46, 0.385, 0.4, 0.345, 0.47, 0.27, 0.41, 0.42, 0.525, 0.28, 0.415, 0.325, 0.505, 0.475, 0.455, 0.325, 0.495, 0.41, 0.345, 0.415, 0.36683417085427134]"
76,"[0.3034825870646766, 0.485, 0.25, 0.43, 0.4, 0.39, 0.275, 0.395, 0.395, 0.205, 0.44, 0.515, 0.38, 0.52, 0.525, 0.435, 0.475, 0.495, 0.545, 0.455, 0.4, 0.41, 0.33, 0.46, 0.42, 0.47, 0.385, 0.355, 0.505, 0.415, 0.13, 0.245, 0.405, 0.52, 0.24, 0.395, 0.405, 0.495, 0.36, 0.355, 0.42, 0.47, 0.33, 0.37, 0.505, 0.475, 0.41, 0.34, 0.49, 0.41708542713567837]"
77,"[0.36318407960199006, 0.45, 0.21, 0.435, 0.35, 0.195, 0.335, 0.18, 0.435, 0.285, 0.415, 0.435, 0.26, 0.41, 0.4, 0.39, 0.525, 0.465, 0.55, 0.455, 0.345, 0.375, 0.415, 0.425, 0.42, 0.505, 0.475, 0.405, 0.47, 0.47, 0.395, 0.415, 0.365, 0.49, 0.255, 0.39, 0.435, 0.515, 0.235, 0.4, 0.335, 0.475, 0.47, 0.445, 0.33, 0.44, 0.45, 0.335, 0.465, 0.36683417085427134]"
78,"[0.2885572139303483, 0.48, 0.28, 0.4, 0.395, 0.42, 0.25, 0.38, 0.4, 0.2, 0.435, 0.51, 0.375, 0.535, 0.545, 0.45, 0.49, 0.515, 0.555, 0.465, 0.375, 0.405, 0.335, 0.465, 0.41, 0.45, 0.39, 0.38, 0.525, 0.455, 0.125, 0.26, 0.38, 0.54, 0.255, 0.415, 0.41, 0.445, 0.36, 0.355, 0.43, 0.52, 0.38, 0.345, 0.51, 0.455, 0.44, 0.335, 0.49, 0.41708542713567837]"
79,"[0.34328358208955223, 0.495, 0.22, 0.44, 0.34, 0.185, 0.355, 0.195, 0.435, 0.275, 0.465, 0.425, 0.27, 0.42, 0.385, 0.385, 0.51, 0.41, 0.5, 0.495, 0.375, 0.37, 0.435, 0.43, 0.425, 0.52, 0.47, 0.34, 0.45, 0.485, 0.39, 0.43, 0.38, 0.52, 0.28, 0.37, 0.43, 0.475, 0.24, 0.39, 0.35, 0.49, 0.48, 0.445, 0.335, 0.395, 0.43, 0.365, 0.47, 0.36683417085427134]"
80,"[0.2835820895522388, 0.49, 0.27, 0.39, 0.39, 0.415, 0.23, 0.405, 0.39, 0.2, 0.445, 0.53, 0.39, 0.53, 0.565, 0.465, 0.465, 0.455, 0.515, 0.475, 0.415, 0.41, 0.345, 0.475, 0.42, 0.445, 0.4, 0.375, 0.44, 0.56, 0.125, 0.265, 0.41, 0.52, 0.255, 0.415, 0.445, 0.43, 0.36, 0.38, 0.43, 0.53, 0.405, 0.355, 0.515, 0.455, 0.465, 0.33, 0.495, 0.41708542713567837]"
81,"[0.32338308457711445, 0.465, 0.23, 0.43, 0.34, 0.19, 0.355, 0.21, 0.435, 0.285, 0.49, 0.41, 0.28, 0.405, 0.36, 0.385, 0.505, 0.455, 0.52, 0.48, 0.385, 0.375, 0.44, 0.42, 0.42, 0.525, 0.48, 0.305, 0.43, 0.45, 0.395, 0.46, 0.405, 0.48, 0.23, 0.36, 0.435, 0.44, 0.25, 0.4, 0.35, 0.49, 0.465, 0.43, 0.34, 0.37, 0.42, 0.38, 0.45, 0.37185929648241206]"
82,"[0.263681592039801, 0.47, 0.275, 0.37, 0.39, 0.41, 0.175, 0.395, 0.395, 0.19, 0.405, 0.525, 0.385, 0.495, 0.55, 0.465, 0.445, 0.43, 0.53, 0.465, 0.44, 0.395, 0.37, 0.445, 0.41, 0.44, 0.405, 0.41, 0.425, 0.53, 0.13, 0.265, 0.415, 0.54, 0.245, 0.405, 0.41, 0.405, 0.33, 0.36, 0.42, 0.53, 0.395, 0.35, 0.495, 0.48, 0.48, 0.32, 0.495, 0.4221105527638191]"
83,"[0.30845771144278605, 0.48, 0.235, 0.42, 0.34, 0.185, 0.335, 0.215, 0.42, 0.25, 0.49, 0.435, 0.265, 0.465, 0.36, 0.345, 0.435, 0.54, 0.485, 0.41, 0.495, 0.38, 0.45, 0.405, 0.435, 0.515, 0.495, 0.33, 0.49, 0.43, 0.39, 0.455, 0.395, 0.46, 0.255, 0.365, 0.445, 0.425, 0.245, 0.425, 0.355, 0.465, 0.445, 0.43, 0.34, 0.39, 0.435, 0.385, 0.435, 0.36683417085427134]"
84,"[0.2736318407960199, 0.455, 0.28, 0.41, 0.39, 0.405, 0.135, 0.295, 0.4, 0.225, 0.39, 0.53, 0.375, 0.465, 0.53, 0.48, 0.475, 0.4, 0.505, 0.495, 0.43, 0.385, 0.365, 0.42, 0.405, 0.465, 0.41, 0.36, 0.405, 0.56, 0.15, 0.27, 0.435, 0.555, 0.265, 0.415, 0.385, 0.43, 0.255, 0.355, 0.435, 0.545, 0.41, 0.345, 0.49, 0.48, 0.48, 0.32, 0.515, 0.4120603015075377]"
85,"[0.2835820895522388, 0.48, 0.245, 0.425, 0.36, 0.185, 0.315, 0.22, 0.425, 0.24, 0.53, 0.405, 0.275, 0.485, 0.385, 0.34, 0.425, 0.52, 0.495, 0.395, 0.44, 0.39, 0.455, 0.385, 0.46, 0.515, 0.515, 0.37, 0.47, 0.415, 0.42, 0.42, 0.415, 0.455, 0.275, 0.37, 0.45, 0.43, 0.24, 0.42, 0.335, 0.45, 0.44, 0.435, 0.35, 0.425, 0.47, 0.39, 0.43, 0.36683417085427134]"
86,"[0.25870646766169153, 0.455, 0.27, 0.42, 0.395, 0.395, 0.15, 0.295, 0.4, 0.195, 0.355, 0.55, 0.365, 0.455, 0.53, 0.49, 0.465, 0.445, 0.455, 0.515, 0.4, 0.375, 0.36, 0.39, 0.41, 0.475, 0.445, 0.35, 0.475, 0.495, 0.15, 0.265, 0.4, 0.575, 0.26, 0.42, 0.385, 0.485, 0.275, 0.355, 0.475, 0.535, 0.44, 0.35, 0.505, 0.465, 0.44, 0.33, 0.52, 0.4020100502512563]"
87,"[0.32338308457711445, 0.47, 0.25, 0.445, 0.365, 0.19, 0.29, 0.225, 0.425, 0.26, 0.495, 0.39, 0.28, 0.46, 0.385, 0.31, 0.435, 0.495, 0.55, 0.385, 0.525, 0.405, 0.45, 0.355, 0.465, 0.53, 0.52, 0.375, 0.435, 0.43, 0.395, 0.41, 0.505, 0.485, 0.27, 0.39, 0.475, 0.46, 0.235, 0.43, 0.34, 0.435, 0.455, 0.45, 0.35, 0.47, 0.485, 0.39, 0.5, 0.36683417085427134]"
88,"[0.25870646766169153, 0.52, 0.28, 0.45, 0.39, 0.36, 0.225, 0.33, 0.39, 0.195, 0.38, 0.545, 0.36, 0.415, 0.525, 0.475, 0.44, 0.415, 0.445, 0.575, 0.42, 0.38, 0.365, 0.405, 0.405, 0.505, 0.415, 0.34, 0.465, 0.5, 0.165, 0.27, 0.4, 0.55, 0.26, 0.43, 0.37, 0.49, 0.275, 0.335, 0.46, 0.52, 0.42, 0.335, 0.505, 0.47, 0.42, 0.345, 0.535, 0.4020100502512563]"
89,"[0.3333333333333333, 0.475, 0.255, 0.43, 0.37, 0.205, 0.285, 0.23, 0.42, 0.295, 0.505, 0.395, 0.26, 0.47, 0.375, 0.31, 0.435, 0.505, 0.545, 0.395, 0.565, 0.405, 0.46, 0.355, 0.465, 0.535, 0.51, 0.42, 0.455, 0.45, 0.38, 0.405, 0.495, 0.515, 0.27, 0.365, 0.49, 0.47, 0.235, 0.415, 0.335, 0.405, 0.495, 0.435, 0.355, 0.455, 0.48, 0.395, 0.45, 0.36180904522613067]"
90,"[0.263681592039801, 0.51, 0.295, 0.435, 0.39, 0.36, 0.34, 0.35, 0.38, 0.2, 0.37, 0.54, 0.365, 0.4, 0.495, 0.48, 0.45, 0.43, 0.455, 0.52, 0.4, 0.37, 0.37, 0.415, 0.36, 0.57, 0.405, 0.335, 0.465, 0.54, 0.175, 0.27, 0.395, 0.585, 0.25, 0.42, 0.385, 0.5, 0.27, 0.345, 0.47, 0.525, 0.53, 0.35, 0.51, 0.475, 0.4, 0.355, 0.56, 0.3969849246231156]"
91,"[0.3383084577114428, 0.57, 0.235, 0.425, 0.37, 0.21, 0.29, 0.235, 0.435, 0.3, 0.54, 0.425, 0.245, 0.475, 0.355, 0.3, 0.48, 0.445, 0.525, 0.365, 0.55, 0.41, 0.45, 0.33, 0.465, 0.525, 0.5, 0.415, 0.48, 0.43, 0.41, 0.38, 0.48, 0.49, 0.265, 0.36, 0.495, 0.45, 0.21, 0.405, 0.345, 0.395, 0.49, 0.43, 0.365, 0.44, 0.47, 0.415, 0.495, 0.36180904522613067]"
92,"[0.26865671641791045, 0.495, 0.29, 0.415, 0.385, 0.365, 0.435, 0.35, 0.39, 0.2, 0.365, 0.535, 0.39, 0.385, 0.485, 0.495, 0.47, 0.44, 0.495, 0.47, 0.38, 0.385, 0.37, 0.405, 0.36, 0.585, 0.41, 0.27, 0.44, 0.495, 0.19, 0.27, 0.385, 0.52, 0.235, 0.46, 0.4, 0.575, 0.275, 0.325, 0.475, 0.545, 0.48, 0.345, 0.51, 0.49, 0.4, 0.395, 0.515, 0.39195979899497485]"
93,"[0.35323383084577115, 0.5, 0.25, 0.425, 0.375, 0.215, 0.285, 0.25, 0.45, 0.29, 0.545, 0.41, 0.245, 0.465, 0.375, 0.31, 0.52, 0.495, 0.52, 0.39, 0.475, 0.405, 0.455, 0.33, 0.47, 0.485, 0.475, 0.405, 0.47, 0.395, 0.415, 0.38, 0.44, 0.465, 0.27, 0.365, 0.435, 0.43, 0.195, 0.375, 0.32, 0.42, 0.425, 0.425, 0.39, 0.51, 0.465, 0.395, 0.43, 0.36180904522613067]"
94,"[0.27860696517412936, 0.425, 0.285, 0.385, 0.385, 0.365, 0.43, 0.355, 0.415, 0.195, 0.32, 0.515, 0.385, 0.375, 0.47, 0.485, 0.49, 0.45, 0.485, 0.43, 0.365, 0.4, 0.365, 0.39, 0.345, 0.605, 0.425, 0.25, 0.41, 0.485, 0.19, 0.285, 0.345, 0.515, 0.265, 0.445, 0.37, 0.55, 0.295, 0.35, 0.455, 0.55, 0.495, 0.345, 0.5, 0.495, 0.425, 0.41, 0.505, 0.3969849246231156]"
95,"[0.3681592039800995, 0.49, 0.255, 0.43, 0.36, 0.235, 0.255, 0.255, 0.455, 0.275, 0.51, 0.43, 0.245, 0.47, 0.37, 0.305, 0.47, 0.475, 0.52, 0.445, 0.43, 0.42, 0.48, 0.325, 0.5, 0.465, 0.47, 0.395, 0.465, 0.35, 0.41, 0.38, 0.405, 0.47, 0.275, 0.37, 0.43, 0.425, 0.175, 0.36, 0.31, 0.395, 0.415, 0.425, 0.42, 0.59, 0.42, 0.415, 0.395, 0.36180904522613067]"
96,"[0.25870646766169153, 0.445, 0.275, 0.35, 0.41, 0.365, 0.445, 0.36, 0.415, 0.215, 0.315, 0.5, 0.39, 0.36, 0.46, 0.47, 0.485, 0.465, 0.46, 0.39, 0.44, 0.385, 0.35, 0.37, 0.325, 0.625, 0.45, 0.215, 0.4, 0.485, 0.19, 0.285, 0.39, 0.56, 0.295, 0.455, 0.375, 0.55, 0.27, 0.35, 0.43, 0.55, 0.505, 0.34, 0.49, 0.485, 0.415, 0.41, 0.525, 0.40703517587939697]"
97,"[0.38308457711442784, 0.47, 0.25, 0.42, 0.345, 0.235, 0.24, 0.255, 0.43, 0.305, 0.49, 0.42, 0.25, 0.47, 0.345, 0.335, 0.465, 0.495, 0.48, 0.455, 0.5, 0.44, 0.505, 0.32, 0.52, 0.445, 0.435, 0.41, 0.465, 0.35, 0.425, 0.385, 0.47, 0.47, 0.265, 0.38, 0.435, 0.46, 0.17, 0.365, 0.295, 0.385, 0.405, 0.425, 0.43, 0.545, 0.335, 0.42, 0.41, 0.36180904522613067]"
98,"[0.23880597014925373, 0.45, 0.23, 0.35, 0.455, 0.365, 0.425, 0.355, 0.43, 0.225, 0.315, 0.53, 0.375, 0.39, 0.455, 0.46, 0.465, 0.48, 0.48, 0.41, 0.465, 0.385, 0.335, 0.37, 0.36, 0.58, 0.435, 0.22, 0.4, 0.435, 0.205, 0.275, 0.44, 0.505, 0.275, 0.43, 0.365, 0.52, 0.265, 0.335, 0.425, 0.56, 0.5, 0.335, 0.49, 0.47, 0.425, 0.42, 0.52, 0.39195979899497485]"
99,"[0.34328358208955223, 0.435, 0.245, 0.425, 0.35, 0.235, 0.265, 0.245, 0.425, 0.335, 0.47, 0.385, 0.245, 0.48, 0.37, 0.365, 0.44, 0.485, 0.465, 0.445, 0.565, 0.44, 0.505, 0.315, 0.53, 0.445, 0.445, 0.41, 0.45, 0.37, 0.38, 0.42, 0.495, 0.575, 0.265, 0.395, 0.43, 0.475, 0.17, 0.36, 0.29, 0.34, 0.435, 0.435, 0.435, 0.535, 0.335, 0.42, 0.48, 0.36180904522613067]"
