eigenvector_centrality,"[18, 16, 10, 16, 6]"
0,"[0.11471321695760599, 0.2225, 0.1, 0.115, 0.0825, 0.08, 0.0875, 0.0925, 0.1125, 0.085, 0.11, 0.1079503387521172, 0.095, 0.0875, 0.095, 0.0775, 0.1225, 0.1, 0.2175, 0.1079503387521172, 0.1079503387521172, 0.1075, 0.0725, 0.12, 0.07769423558897243]"
1,"[0.19451371571072318, 0.1625, 0.1625, 0.0925, 0.09, 0.085, 0.1175, 0.1925, 0.185, 0.1075, 0.11, 0.13124185151157192, 0.0975, 0.13, 0.1325, 0.2125, 0.1025, 0.1275, 0.0925, 0.13124185151157192, 0.13124185151157192, 0.1025, 0.09, 0.1775, 0.12280701754385964]"
2,"[0.18453865336658354, 0.2925, 0.1875, 0.115, 0.085, 0.16, 0.26, 0.205, 0.1125, 0.085, 0.0775, 0.1580600276479001, 0.2625, 0.165, 0.16, 0.215, 0.1175, 0.1075, 0.175, 0.1580600276479001, 0.1580600276479001, 0.1375, 0.14, 0.12, 0.11278195488721804]"
3,"[0.18453865336658354, 0.115, 0.2375, 0.2, 0.1075, 0.1525, 0.175, 0.2425, 0.2475, 0.24, 0.1175, 0.20306116685956557, 0.1975, 0.1975, 0.32, 0.215, 0.2525, 0.3375, 0.1725, 0.20306116685956557, 0.20306116685956557, 0.1975, 0.205, 0.23, 0.12280701754385964]"
4,"[0.23690773067331672, 0.2725, 0.2125, 0.2775, 0.11, 0.1525, 0.27, 0.2025, 0.1125, 0.1825, 0.185, 0.22613478976289061, 0.4425, 0.36, 0.185, 0.2975, 0.22, 0.1775, 0.2325, 0.22613478976289061, 0.22613478976289061, 0.3325, 0.075, 0.215, 0.22305764411027568]"
5,"[0.2119700748129676, 0.2875, 0.275, 0.445, 0.1925, 0.21, 0.2975, 0.175, 0.2925, 0.5125, 0.2275, 0.2593143153167434, 0.2275, 0.18, 0.455, 0.2593143153167434, 0.2375, 0.3325, 0.2725, 0.16, 0.2593143153167434, 0.2675, 0.1475, 0.12, 0.17794486215538846]"
6,"[0.12468827930174564, 0.2325, 0.295, 0.3975, 0.115, 0.29, 0.3825, 0.2275, 0.1125, 0.5425, 0.3625, 0.2717080341127132, 0.2, 0.4875, 0.3, 0.2717080341127132, 0.2775, 0.355, 0.1475, 0.1725, 0.2717080341127132, 0.355, 0.225, 0.22, 0.15538847117794485]"
7,"[0.22942643391521197, 0.2675, 0.3275, 0.5475, 0.265, 0.25, 0.385, 0.125, 0.35, 0.6225, 0.315, 0.31180748998999425, 0.1925, 0.3225, 0.5325, 0.31180748998999425, 0.165, 0.315, 0.3025, 0.2075, 0.31180748998999425, 0.34, 0.2725, 0.39, 0.13533834586466165]"
8,"[0.1745635910224439, 0.22, 0.2725, 0.4475, 0.2075, 0.29, 0.22, 0.165, 0.1125, 0.525, 0.2775, 0.2822944717268119, 0.185, 0.485, 0.315, 0.2822944717268119, 0.275, 0.2375, 0.215, 0.31, 0.2822944717268119, 0.3425, 0.3125, 0.255, 0.3659147869674185]"
9,"[0.2194513715710723, 0.265, 0.395, 0.4475, 0.3325, 0.305, 0.285, 0.185, 0.355, 0.52, 0.33, 0.3164791065455522, 0.095, 0.29, 0.51, 0.3164791065455522, 0.18, 0.305, 0.2775, 0.375, 0.3164791065455522, 0.2875, 0.37, 0.3975, 0.23558897243107768]"
10,"[0.34413965087281795, 0.3025, 0.455, 0.475, 0.3675, 0.415, 0.25, 0.3, 0.1125, 0.3386078697714082, 0.21, 0.3386078697714082, 0.35, 0.5075, 0.3225, 0.3386078697714082, 0.3386078697714082, 0.29, 0.3386078697714082, 0.3386078697714082, 0.3386078697714082, 0.425, 0.3175, 0.33, 0.3208020050125313]"
11,"[0.46384039900249374, 0.3475, 0.4025, 0.46, 0.4625, 0.35, 0.2075, 0.4, 0.355, 0.34954710654441595, 0.305, 0.34954710654441595, 0.13, 0.305, 0.4775, 0.34954710654441595, 0.34954710654441595, 0.3, 0.34954710654441595, 0.34954710654441595, 0.34954710654441595, 0.285, 0.445, 0.3925, 0.20300751879699247]"
12,"[0.42144638403990026, 0.38, 0.3325, 0.51, 0.43, 0.3525, 0.2725, 0.3775, 0.1125, 0.3641495554486104, 0.2325, 0.3641495554486104, 0.405, 0.5175, 0.325, 0.3641495554486104, 0.3641495554486104, 0.34, 0.3641495554486104, 0.3641495554486104, 0.3641495554486104, 0.35, 0.4725, 0.425, 0.2982456140350877]"
13,"[0.4713216957605985, 0.3575, 0.3925, 0.4725, 0.3825, 0.2725, 0.2575, 0.405, 0.36, 0.33148703099533255, 0.3125, 0.33148703099533255, 0.105, 0.3125, 0.47, 0.33148703099533255, 0.33148703099533255, 0.3075, 0.33148703099533255, 0.33148703099533255, 0.33148703099533255, 0.205, 0.345, 0.36, 0.17794486215538846]"
14,"[0.4463840399002494, 0.35, 0.37, 0.57, 0.4475, 0.3475, 0.3525, 0.3475, 0.1125, 0.3792849807741854, 0.25, 0.3792849807741854, 0.44, 0.5175, 0.3225, 0.3792849807741854, 0.3792849807741854, 0.3375, 0.3792849807741854, 0.3792849807741854, 0.3792849807741854, 0.35, 0.54, 0.4275, 0.2982456140350877]"
15,"[0.46633416458852867, 0.325, 0.445, 0.2525, 0.350658219391649, 0.3, 0.32, 0.45, 0.405, 0.350658219391649, 0.3175, 0.350658219391649, 0.1275, 0.3275, 0.505, 0.49, 0.350658219391649, 0.5075, 0.350658219391649, 0.350658219391649, 0.350658219391649, 0.185, 0.325, 0.3575, 0.20551378446115287]"
16,"[0.286783042394015, 0.34, 0.3775, 0.4725, 0.3729346190358134, 0.39, 0.3325, 0.43, 0.1125, 0.3729346190358134, 0.2625, 0.3729346190358134, 0.4525, 0.495, 0.3275, 0.2925, 0.3729346190358134, 0.3225, 0.3729346190358134, 0.3729346190358134, 0.3729346190358134, 0.46, 0.5125, 0.43, 0.41604010025062654]"
17,"[0.44389027431421446, 0.3675, 0.3925, 0.265, 0.3427394485451645, 0.31, 0.315, 0.4175, 0.395, 0.3427394485451645, 0.325, 0.3427394485451645, 0.105, 0.315, 0.47, 0.4825, 0.3427394485451645, 0.43, 0.3427394485451645, 0.3427394485451645, 0.3427394485451645, 0.1875, 0.4025, 0.3775, 0.16791979949874686]"
18,"[0.38902743142144636, 0.4275, 0.445, 0.4475, 0.37777491578072364, 0.4225, 0.325, 0.445, 0.1125, 0.37777491578072364, 0.275, 0.37777491578072364, 0.41, 0.5075, 0.33, 0.235, 0.37777491578072364, 0.365, 0.37777491578072364, 0.37777491578072364, 0.37777491578072364, 0.4625, 0.415, 0.4175, 0.3684210526315789]"
19,"[0.42144638403990026, 0.395, 0.2975, 0.195, 0.35191410571316056, 0.3175, 0.3875, 0.335, 0.3775, 0.35191410571316056, 0.4, 0.35191410571316056, 0.155, 0.34, 0.4425, 0.4525, 0.35191410571316056, 0.5425, 0.35191410571316056, 0.35191410571316056, 0.35191410571316056, 0.18, 0.52, 0.3725, 0.20300751879699247]"
20,"[0.4239401496259352, 0.41294738606822173, 0.4125, 0.5475, 0.41294738606822173, 0.415, 0.405, 0.4325, 0.1125, 0.41294738606822173, 0.2975, 0.41294738606822173, 0.465, 0.4875, 0.3275, 0.41294738606822173, 0.4775, 0.375, 0.41294738606822173, 0.41294738606822173, 0.41294738606822173, 0.34, 0.6075, 0.4275, 0.46616541353383456]"
21,"[0.4114713216957606, 0.43235545589806995, 0.4225, 0.4475, 0.43235545589806995, 0.3975, 0.4225, 0.38, 0.3975, 0.43235545589806995, 0.3525, 0.43235545589806995, 0.5075, 0.36, 0.4175, 0.43235545589806995, 0.4925, 0.5125, 0.43235545589806995, 0.43235545589806995, 0.43235545589806995, 0.56, 0.4425, 0.3975, 0.42857142857142855]"
22,"[0.4014962593516209, 0.4214878383431072, 0.4125, 0.385, 0.4214878383431072, 0.43, 0.42, 0.4425, 0.1125, 0.4214878383431072, 0.33, 0.4214878383431072, 0.5025, 0.49, 0.325, 0.4214878383431072, 0.5825, 0.39, 0.4214878383431072, 0.4214878383431072, 0.4214878383431072, 0.4425, 0.59, 0.39, 0.518796992481203]"
23,"[0.3790523690773067, 0.44340106077868874, 0.465, 0.425, 0.44340106077868874, 0.4025, 0.45, 0.3125, 0.4575, 0.44340106077868874, 0.3775, 0.44340106077868874, 0.5575, 0.36, 0.4775, 0.44340106077868874, 0.3775, 0.5125, 0.44340106077868874, 0.44340106077868874, 0.44340106077868874, 0.565, 0.43, 0.4825, 0.506265664160401]"
24,"[0.38154613466334164, 0.43516466279384824, 0.405, 0.5175, 0.43516466279384824, 0.4525, 0.465, 0.44, 0.1125, 0.43516466279384824, 0.3325, 0.43516466279384824, 0.52, 0.4775, 0.325, 0.43516466279384824, 0.5175, 0.4675, 0.43516466279384824, 0.43516466279384824, 0.43516466279384824, 0.4875, 0.6, 0.395, 0.5012531328320802]"
25,"[0.3316708229426434, 0.35179846436540224, 0.5525, 0.425, 0.095, 0.4875, 0.5025, 0.2575, 0.4425, 0.35179846436540224, 0.35179846436540224, 0.26, 0.1425, 0.35, 0.1625, 0.46, 0.43, 0.4775, 0.35179846436540224, 0.325, 0.35179846436540224, 0.4275, 0.1125, 0.4425, 0.35179846436540224]"
26,"[0.4613466334164589, 0.3405971912324451, 0.35, 0.5, 0.1575, 0.43, 0.56, 0.3, 0.1125, 0.3405971912324451, 0.3405971912324451, 0.2225, 0.365, 0.2075, 0.215, 0.165, 0.4625, 0.515, 0.3405971912324451, 0.4425, 0.3405971912324451, 0.3675, 0.225, 0.4125, 0.3405971912324451]"
27,"[0.38154613466334164, 0.3429761123507022, 0.4, 0.4325, 0.095, 0.36, 0.525, 0.255, 0.3975, 0.3429761123507022, 0.3429761123507022, 0.1425, 0.3525, 0.42, 0.31, 0.14, 0.53, 0.475, 0.3429761123507022, 0.36, 0.3429761123507022, 0.325, 0.1575, 0.4575, 0.3429761123507022]"
28,"[0.4463840399002494, 0.30467810736317097, 0.2925, 0.5, 0.2225, 0.3925, 0.4275, 0.2775, 0.1125, 0.30467810736317097, 0.30467810736317097, 0.175, 0.37, 0.195, 0.0875, 0.125, 0.44, 0.4325, 0.30467810736317097, 0.395, 0.30467810736317097, 0.2375, 0.22, 0.44, 0.30467810736317097]"
29,"[0.371571072319202, 0.317845845911537, 0.385, 0.4375, 0.1675, 0.275, 0.36, 0.2775, 0.3875, 0.317845845911537, 0.317845845911537, 0.1625, 0.45, 0.2325, 0.305, 0.1175, 0.22, 0.44, 0.317845845911537, 0.375, 0.317845845911537, 0.3675, 0.22, 0.4875, 0.317845845911537]"
30,"[0.23690773067331672, 0.54, 0.34812326873917965, 0.5175, 0.345, 0.5125, 0.3875, 0.265, 0.1125, 0.34812326873917965, 0.485, 0.115, 0.3825, 0.34812326873917965, 0.18, 0.3775, 0.47, 0.38, 0.34812326873917965, 0.39, 0.34812326873917965, 0.2425, 0.3375, 0.4625, 0.22305764411027568]"
31,"[0.34413965087281795, 0.4175, 0.3658567319170746, 0.3925, 0.3325, 0.38, 0.3625, 0.4275, 0.395, 0.3658567319170746, 0.5275, 0.18, 0.34, 0.3658567319170746, 0.225, 0.3925, 0.3125, 0.355, 0.3658567319170746, 0.5475, 0.3658567319170746, 0.3875, 0.3775, 0.4225, 0.19799498746867167]"
32,"[0.4089775561097257, 0.445, 0.36260395299345616, 0.5175, 0.2125, 0.43, 0.38, 0.425, 0.1125, 0.36260395299345616, 0.485, 0.175, 0.4425, 0.36260395299345616, 0.195, 0.47, 0.52, 0.335, 0.36260395299345616, 0.4075, 0.36260395299345616, 0.3375, 0.235, 0.4775, 0.24060150375939848]"
33,"[0.371571072319202, 0.425, 0.3537355085031782, 0.39, 0.245, 0.3975, 0.3675, 0.4225, 0.39, 0.3537355085031782, 0.4075, 0.1925, 0.3425, 0.3537355085031782, 0.1875, 0.4375, 0.3075, 0.39, 0.3537355085031782, 0.45, 0.3537355085031782, 0.4275, 0.2575, 0.41, 0.2556390977443609]"
34,"[0.341645885286783, 0.45, 0.3514936351164695, 0.515, 0.205, 0.3525, 0.37, 0.28, 0.1125, 0.3514936351164695, 0.4025, 0.19, 0.3925, 0.3514936351164695, 0.2375, 0.5125, 0.5875, 0.32, 0.3514936351164695, 0.405, 0.3514936351164695, 0.37, 0.21, 0.485, 0.2907268170426065]"
35,"[0.26683291770573564, 0.3325, 0.33023825446528093, 0.3875, 0.245, 0.305, 0.37, 0.31, 0.3875, 0.405, 0.3925, 0.335, 0.3575, 0.33023825446528093, 0.1875, 0.33023825446528093, 0.3875, 0.36, 0.33023825446528093, 0.3425, 0.3, 0.39, 0.37, 0.235, 0.2681704260651629]"
36,"[0.286783042394015, 0.335, 0.30797427305349223, 0.5225, 0.2325, 0.2975, 0.385, 0.255, 0.1125, 0.505, 0.385, 0.2275, 0.3725, 0.30797427305349223, 0.33, 0.30797427305349223, 0.465, 0.265, 0.30797427305349223, 0.4225, 0.13, 0.22, 0.325, 0.1225, 0.2706766917293233]"
37,"[0.22443890274314215, 0.3125, 0.3388099561038923, 0.39, 0.2775, 0.295, 0.4725, 0.2725, 0.3875, 0.4975, 0.505, 0.3375, 0.4775, 0.3388099561038923, 0.2125, 0.3388099561038923, 0.3975, 0.385, 0.3388099561038923, 0.3425, 0.2425, 0.265, 0.3675, 0.225, 0.22807017543859648]"
38,"[0.2743142144638404, 0.1525, 0.2889287351200707, 0.5, 0.28, 0.2525, 0.3875, 0.2425, 0.1125, 0.3725, 0.415, 0.135, 0.37, 0.2889287351200707, 0.3075, 0.2889287351200707, 0.485, 0.3425, 0.2889287351200707, 0.3525, 0.225, 0.2375, 0.2275, 0.12, 0.2756892230576441]"
39,"[0.2194513715710723, 0.1875, 0.3133274969873324, 0.3925, 0.25, 0.2375, 0.53, 0.1575, 0.4, 0.4725, 0.5075, 0.2775, 0.29, 0.3133274969873324, 0.225, 0.3133274969873324, 0.36, 0.3375, 0.3133274969873324, 0.225, 0.3925, 0.2625, 0.445, 0.24, 0.17042606516290726]"
40,"[0.26932668329177056, 0.2325, 0.4475, 0.37, 0.21, 0.1975, 0.3625, 0.2475, 0.3223796817764202, 0.5425, 0.3925, 0.17, 0.45, 0.3223796817764202, 0.32, 0.3223796817764202, 0.525, 0.355, 0.34, 0.185, 0.2575, 0.305, 0.4275, 0.275, 0.21052631578947367]"
41,"[0.1571072319201995, 0.1725, 0.1975, 0.4775, 0.1925, 0.2175, 0.5375, 0.16, 0.3288859404803098, 0.505, 0.49, 0.2775, 0.47, 0.3288859404803098, 0.2325, 0.3288859404803098, 0.3675, 0.2775, 0.4225, 0.3025, 0.42, 0.2375, 0.545, 0.2225, 0.3533834586466165]"
42,"[0.18703241895261846, 0.3625, 0.2575, 0.475, 0.2175, 0.215, 0.3625, 0.245, 0.33513396390545624, 0.585, 0.4, 0.17, 0.5325, 0.33513396390545624, 0.33, 0.33513396390545624, 0.4775, 0.3575, 0.2525, 0.2175, 0.2125, 0.295, 0.515, 0.34, 0.3659147869674185]"
43,"[0.16209476309226933, 0.1925, 0.15, 0.4725, 0.23, 0.11, 0.5425, 0.1575, 0.31706975512346947, 0.525, 0.5175, 0.2775, 0.6025, 0.31706975512346947, 0.24, 0.31706975512346947, 0.3525, 0.2025, 0.2475, 0.37, 0.3175, 0.2375, 0.485, 0.2075, 0.37593984962406013]"
44,"[0.13216957605985039, 0.22, 0.2275, 0.56, 0.2125, 0.235, 0.37, 0.2375, 0.3155950285768832, 0.5825, 0.4175, 0.185, 0.5475, 0.3155950285768832, 0.305, 0.3155950285768832, 0.395, 0.24, 0.265, 0.1875, 0.1775, 0.285, 0.525, 0.2675, 0.3684210526315789]"
45,"[0.2169576059850374, 0.21, 0.225, 0.515, 0.1775, 0.3250126607934157, 0.405, 0.1425, 0.3250126607934157, 0.5175, 0.5275, 0.275, 0.2825, 0.3250126607934157, 0.4325, 0.3250126607934157, 0.3475, 0.1925, 0.375, 0.2175, 0.335, 0.4075, 0.5175, 0.1825, 0.3233082706766917]"
46,"[0.1371571072319202, 0.18, 0.175, 0.5375, 0.225, 0.3128799004398538, 0.3775, 0.2275, 0.3128799004398538, 0.575, 0.44, 0.24, 0.21, 0.3128799004398538, 0.4125, 0.3128799004398538, 0.4375, 0.305, 0.3075, 0.135, 0.18, 0.4175, 0.5075, 0.215, 0.3283208020050125]"
47,"[0.2344139650872818, 0.15, 0.125, 0.515, 0.16, 0.3115555164184062, 0.385, 0.145, 0.3115555164184062, 0.51, 0.5575, 0.325, 0.15, 0.3115555164184062, 0.2925, 0.3115555164184062, 0.3875, 0.3125, 0.3825, 0.17, 0.355, 0.3225, 0.5675, 0.195, 0.3007518796992481]"
48,"[0.1371571072319202, 0.1725, 0.1675, 0.5625, 0.3, 0.32478167869501573, 0.4, 0.2475, 0.32478167869501573, 0.56, 0.455, 0.18, 0.165, 0.32478167869501573, 0.45, 0.32478167869501573, 0.4, 0.3675, 0.38, 0.1875, 0.3025, 0.44, 0.38, 0.2625, 0.3032581453634085]"
49,"[0.22942643391521197, 0.1775, 0.13, 0.51, 0.125, 0.3216706823167645, 0.37, 0.1325, 0.3216706823167645, 0.5025, 0.4875, 0.3275, 0.325, 0.3216706823167645, 0.2875, 0.3216706823167645, 0.3675, 0.365, 0.4425, 0.1975, 0.4125, 0.33, 0.53, 0.2425, 0.2631578947368421]"
50,"[0.14713216957605985, 0.1925, 0.155, 0.5675, 0.2988317155600644, 0.0925, 0.4225, 0.205, 0.2988317155600644, 0.395, 0.2988317155600644, 0.4525, 0.1725, 0.2988317155600644, 0.2988317155600644, 0.2988317155600644, 0.3925, 0.3575, 0.365, 0.1875, 0.27, 0.3625, 0.36, 0.3125, 0.2681704260651629]"
51,"[0.2194513715710723, 0.13, 0.125, 0.4225, 0.3160613503834398, 0.15, 0.335, 0.14, 0.3160613503834398, 0.525, 0.3160613503834398, 0.3275, 0.34, 0.3160613503834398, 0.3160613503834398, 0.3160613503834398, 0.4375, 0.3175, 0.46, 0.1925, 0.3525, 0.455, 0.5425, 0.2475, 0.2857142857142857]"
52,"[0.1770573566084788, 0.19, 0.135, 0.52, 0.28382513986107155, 0.1425, 0.46, 0.1825, 0.28382513986107155, 0.38, 0.28382513986107155, 0.54, 0.1625, 0.28382513986107155, 0.28382513986107155, 0.28382513986107155, 0.365, 0.3725, 0.2875, 0.175, 0.2775, 0.11, 0.3825, 0.285, 0.24812030075187969]"
53,"[0.2144638403990025, 0.235, 0.1325, 0.4175, 0.30487581748043824, 0.1475, 0.3425, 0.1725, 0.30487581748043824, 0.53, 0.30487581748043824, 0.3525, 0.21, 0.30487581748043824, 0.30487581748043824, 0.30487581748043824, 0.44, 0.315, 0.4275, 0.1925, 0.315, 0.5175, 0.315, 0.245, 0.2706766917293233]"
54,"[0.20199501246882792, 0.1925, 0.14, 0.485, 0.2884277812920541, 0.1575, 0.47, 0.195, 0.2884277812920541, 0.385, 0.2884277812920541, 0.5475, 0.155, 0.2884277812920541, 0.2884277812920541, 0.2884277812920541, 0.395, 0.3675, 0.285, 0.1825, 0.2825, 0.1625, 0.36, 0.2625, 0.2531328320802005]"
55,"[0.19950124688279303, 0.2175, 0.155, 0.43, 0.33000787653732355, 0.1575, 0.335, 0.295, 0.33000787653732355, 0.6375, 0.33000787653732355, 0.36, 0.1875, 0.33000787653732355, 0.4425, 0.4175, 0.4075, 0.2825, 0.475, 0.2075, 0.285, 0.5525, 0.36, 0.26, 0.2656641604010025]"
56,"[0.29177057356608477, 0.185, 0.1575, 0.48, 0.321186771554227, 0.22, 0.53, 0.2075, 0.321186771554227, 0.5175, 0.321186771554227, 0.5475, 0.1675, 0.321186771554227, 0.1925, 0.425, 0.405, 0.32, 0.295, 0.3, 0.2825, 0.405, 0.275, 0.28, 0.2606516290726817]"
57,"[0.20448877805486285, 0.245, 0.2675, 0.5425, 0.3332218668628584, 0.1775, 0.4075, 0.2675, 0.3332218668628584, 0.63, 0.3332218668628584, 0.3525, 0.2375, 0.3332218668628584, 0.475, 0.3275, 0.405, 0.285, 0.4925, 0.2125, 0.31, 0.2075, 0.42, 0.2625, 0.2681704260651629]"
58,"[0.2743142144638404, 0.185, 0.175, 0.4525, 0.32678408778745344, 0.325, 0.5025, 0.2125, 0.32678408778745344, 0.5175, 0.32678408778745344, 0.4925, 0.165, 0.32678408778745344, 0.1775, 0.485, 0.405, 0.3275, 0.25, 0.325, 0.2725, 0.445, 0.335, 0.2775, 0.2606516290726817]"
59,"[0.20698254364089774, 0.2625, 0.35, 0.5375, 0.3450060908118771, 0.18, 0.4125, 0.2725, 0.3450060908118771, 0.6225, 0.3450060908118771, 0.3475, 0.29, 0.3450060908118771, 0.44, 0.3625, 0.435, 0.2725, 0.4675, 0.215, 0.315, 0.175, 0.56, 0.2625, 0.2581453634085213]"
60,"[0.2892768079800499, 0.1775, 0.1875, 0.435, 0.3216305923922894, 0.285, 0.445, 0.2375, 0.3216305923922894, 0.425, 0.45, 0.48, 0.1525, 0.45, 0.0925, 0.4325, 0.4075, 0.33, 0.195, 0.3175, 0.2725, 0.475, 0.32, 0.25, 0.2907268170426065]"
61,"[0.2119700748129676, 0.15, 0.3225, 0.37, 0.3238033736352156, 0.175, 0.415, 0.365, 0.3238033736352156, 0.5125, 0.4775, 0.3575, 0.1675, 0.11, 0.4125, 0.31, 0.465, 0.27, 0.4175, 0.21, 0.295, 0.5075, 0.48, 0.2425, 0.20300751879699247]"
62,"[0.341645885286783, 0.1775, 0.205, 0.3375, 0.315648001332617, 0.1975, 0.52, 0.25, 0.315648001332617, 0.39, 0.4375, 0.4875, 0.3275, 0.385, 0.1, 0.415, 0.46, 0.31, 0.175, 0.2925, 0.2625, 0.42, 0.2275, 0.2375, 0.3032581453634085]"
63,"[0.2119700748129676, 0.1775, 0.2425, 0.3725, 0.3034753797374276, 0.1825, 0.4125, 0.29, 0.3034753797374276, 0.45, 0.5, 0.2825, 0.17, 0.1125, 0.42, 0.265, 0.4325, 0.265, 0.3625, 0.2075, 0.2775, 0.48, 0.4425, 0.2375, 0.18546365914786966]"
64,"[0.3541147132169576, 0.155, 0.1975, 0.4375, 0.32532028664853063, 0.175, 0.44, 0.2475, 0.32532028664853063, 0.445, 0.42, 0.44, 0.41, 0.465, 0.1875, 0.4175, 0.4775, 0.295, 0.3125, 0.225, 0.26, 0.395, 0.2, 0.225, 0.3007518796992481]"
65,"[0.20698254364089774, 0.1775, 0.2275, 0.3975, 0.2985197123391112, 0.175, 0.3175, 0.2925, 0.1125, 0.4825, 0.445, 0.26, 0.175, 0.195, 0.495, 0.2625, 0.3975, 0.3725, 0.2985197123391112, 0.2075, 0.2985197123391112, 0.46, 0.41, 0.3175, 0.18045112781954886]"
66,"[0.3640897755610973, 0.1675, 0.1725, 0.49, 0.357835990026074, 0.17, 0.4675, 0.2175, 0.3925, 0.4675, 0.41, 0.5175, 0.4075, 0.545, 0.295, 0.4275, 0.45, 0.4575, 0.357835990026074, 0.265, 0.357835990026074, 0.365, 0.2375, 0.265, 0.3208020050125313]"
67,"[0.20199501246882792, 0.1675, 0.2375, 0.4225, 0.32750039986045365, 0.1575, 0.3825, 0.33, 0.1125, 0.5175, 0.4175, 0.27, 0.4375, 0.34, 0.445, 0.2675, 0.3825, 0.5375, 0.32750039986045365, 0.2025, 0.32750039986045365, 0.45, 0.385, 0.335, 0.20551378446115287]"
68,"[0.36658354114713215, 0.1625, 0.165, 0.4425, 0.34272434870331575, 0.19, 0.4575, 0.2075, 0.435, 0.475, 0.4075, 0.5175, 0.12, 0.48, 0.28, 0.435, 0.49, 0.4925, 0.34272434870331575, 0.1975, 0.34272434870331575, 0.37, 0.2425, 0.265, 0.3408521303258145]"
69,"[0.22443890274314215, 0.1725, 0.145, 0.43, 0.3117023948729225, 0.1475, 0.37, 0.195, 0.1125, 0.475, 0.3825, 0.27, 0.4325, 0.3875, 0.48, 0.275, 0.36, 0.3325, 0.3117023948729225, 0.2025, 0.3117023948729225, 0.425, 0.45, 0.3825, 0.20551378446115287]"
70,"[0.3266832917705736, 0.1425, 0.1675, 0.4925, 0.33838460318501995, 0.175, 0.4925, 0.205, 0.4425, 0.455, 0.41, 0.51, 0.095, 0.525, 0.33838460318501995, 0.33838460318501995, 0.53, 0.2975, 0.33838460318501995, 0.13, 0.33838460318501995, 0.3025, 0.26, 0.405, 0.40350877192982454]"
71,"[0.2119700748129676, 0.17, 0.1475, 0.4575, 0.3008845313095706, 0.12, 0.3025, 0.1125, 0.1125, 0.445, 0.3875, 0.355, 0.4975, 0.4825, 0.3008845313095706, 0.3008845313095706, 0.3375, 0.365, 0.3008845313095706, 0.2075, 0.3008845313095706, 0.22, 0.4525, 0.345, 0.2882205513784461]"
72,"[0.16708229426433915, 0.1225, 0.1625, 0.4, 0.3364042400265002, 0.18, 0.505, 0.2, 0.44, 0.44, 0.3875, 0.5075, 0.095, 0.5425, 0.3364042400265002, 0.3364042400265002, 0.4825, 0.395, 0.3364042400265002, 0.14, 0.3364042400265002, 0.4225, 0.32, 0.4175, 0.40100250626566414]"
73,"[0.20199501246882792, 0.1675, 0.1375, 0.445, 0.3130079586434915, 0.0825, 0.34, 0.0775, 0.1125, 0.425, 0.4225, 0.46, 0.4875, 0.5575, 0.3130079586434915, 0.3130079586434915, 0.3375, 0.425, 0.3130079586434915, 0.21, 0.3130079586434915, 0.2825, 0.435, 0.3875, 0.2656641604010025]"
74,"[0.11471321695760599, 0.1125, 0.1675, 0.3875, 0.32927795408096305, 0.175, 0.465, 0.2, 0.4325, 0.435, 0.3925, 0.495, 0.095, 0.575, 0.32927795408096305, 0.32927795408096305, 0.44, 0.4225, 0.32927795408096305, 0.1725, 0.32927795408096305, 0.4125, 0.3125, 0.44, 0.3383458646616541]"
75,"[0.17206982543640897, 0.14, 0.3251288672116701, 0.45, 0.415, 0.1725, 0.3251288672116701, 0.0775, 0.1125, 0.4425, 0.49, 0.44, 0.4525, 0.5275, 0.36, 0.3251288672116701, 0.4825, 0.3325, 0.3251288672116701, 0.215, 0.3251288672116701, 0.4225, 0.3825, 0.2125, 0.20300751879699247]"
76,"[0.2543640897755611, 0.155, 0.29699232729579567, 0.4075, 0.2625, 0.175, 0.29699232729579567, 0.1775, 0.26, 0.4575, 0.4175, 0.465, 0.095, 0.4725, 0.5025, 0.29699232729579567, 0.385, 0.235, 0.29699232729579567, 0.23, 0.29699232729579567, 0.32, 0.2225, 0.2525, 0.19298245614035087]"
77,"[0.18204488778054864, 0.135, 0.2846226077975487, 0.45, 0.195, 0.2375, 0.2846226077975487, 0.175, 0.1125, 0.4775, 0.51, 0.2175, 0.2275, 0.555, 0.2475, 0.2846226077975487, 0.46, 0.165, 0.2846226077975487, 0.295, 0.2846226077975487, 0.4175, 0.265, 0.205, 0.16290726817042606]"
78,"[0.30174563591022446, 0.1525, 0.2747326452040325, 0.43, 0.195, 0.1875, 0.2747326452040325, 0.185, 0.2225, 0.4675, 0.4125, 0.3325, 0.095, 0.4125, 0.4225, 0.2747326452040325, 0.455, 0.1775, 0.2747326452040325, 0.2625, 0.2747326452040325, 0.2525, 0.17, 0.1975, 0.16290726817042606]"
79,"[0.1770573566084788, 0.155, 0.2667463515396971, 0.4525, 0.225, 0.2325, 0.2667463515396971, 0.1775, 0.1125, 0.4625, 0.485, 0.1525, 0.25, 0.4775, 0.195, 0.2667463515396971, 0.45, 0.14, 0.2667463515396971, 0.26, 0.2667463515396971, 0.395, 0.215, 0.1725, 0.14786967418546365]"
80,"[0.10972568578553615, 0.1825, 0.2375, 0.4475, 0.2075, 0.2025, 0.3575, 0.1775, 0.265, 0.4725, 0.415, 0.3161965089662762, 0.095, 0.4125, 0.4325, 0.3161965089662762, 0.4925, 0.53, 0.3161965089662762, 0.225, 0.455, 0.3161965089662762, 0.43, 0.3325, 0.16040100250626566]"
81,"[0.2344139650872818, 0.1875, 0.1675, 0.46, 0.2475, 0.0825, 0.4775, 0.1875, 0.1125, 0.4625, 0.465, 0.32143646879935844, 0.2975, 0.54, 0.3025, 0.32143646879935844, 0.4375, 0.515, 0.32143646879935844, 0.285, 0.3725, 0.32143646879935844, 0.31, 0.305, 0.3007518796992481]"
82,"[0.486284289276808, 0.1275, 0.1775, 0.4425, 0.3125, 0.145, 0.365, 0.1025, 0.2125, 0.4825, 0.4175, 0.3193719335745848, 0.095, 0.4525, 0.4975, 0.3193719335745848, 0.51, 0.3975, 0.3193719335745848, 0.1925, 0.4225, 0.3193719335745848, 0.4225, 0.235, 0.21052631578947367]"
83,"[0.44389027431421446, 0.1675, 0.1375, 0.4675, 0.345, 0.0825, 0.465, 0.1825, 0.1125, 0.465, 0.46, 0.3269969231950557, 0.2425, 0.5575, 0.3025, 0.3269969231950557, 0.42, 0.5525, 0.3269969231950557, 0.275, 0.285, 0.3269969231950557, 0.31, 0.375, 0.21804511278195488]"
84,"[0.4538653366583541, 0.0975, 0.155, 0.4475, 0.225, 0.1825, 0.3575, 0.1725, 0.205, 0.4875, 0.38, 0.3049716277988643, 0.095, 0.45, 0.4975, 0.3049716277988643, 0.495, 0.29, 0.3049716277988643, 0.1725, 0.4225, 0.3049716277988643, 0.345, 0.2575, 0.21553884711779447]"
85,"[0.2743142144638404, 0.135, 0.1375, 0.515, 0.3025, 0.0825, 0.4975, 0.165, 0.1125, 0.415, 0.30782426196981916, 0.30782426196981916, 0.245, 0.535, 0.3225, 0.5925, 0.3575, 0.45, 0.30782426196981916, 0.1975, 0.33, 0.345, 0.2625, 0.37, 0.12781954887218044]"
86,"[0.14962593516209477, 0.185, 0.1625, 0.45, 0.1625, 0.1675, 0.33, 0.1325, 0.2075, 0.485, 0.27977566052969655, 0.27977566052969655, 0.095, 0.4425, 0.4925, 0.4325, 0.4275, 0.355, 0.27977566052969655, 0.145, 0.38, 0.16, 0.325, 0.2925, 0.17543859649122806]"
87,"[0.1745635910224439, 0.1025, 0.1375, 0.52, 0.2725, 0.0825, 0.445, 0.175, 0.1125, 0.4175, 0.2985182698585049, 0.2985182698585049, 0.245, 0.5375, 0.365, 0.5575, 0.32, 0.4625, 0.2985182698585049, 0.21, 0.3425, 0.27, 0.3175, 0.365, 0.13533834586466165]"
88,"[0.1172069825436409, 0.1875, 0.1375, 0.385, 0.1875, 0.1325, 0.3, 0.0775, 0.21, 0.495, 0.28012452563623974, 0.28012452563623974, 0.095, 0.4525, 0.49, 0.405, 0.41, 0.37, 0.28012452563623974, 0.1475, 0.3725, 0.27, 0.415, 0.2925, 0.21303258145363407]"
89,"[0.11221945137157108, 0.1025, 0.1375, 0.52, 0.3125, 0.0825, 0.4175, 0.1625, 0.1125, 0.415, 0.3111529461263678, 0.3111529461263678, 0.255, 0.54, 0.3575, 0.5575, 0.3325, 0.45, 0.3111529461263678, 0.205, 0.34, 0.4975, 0.3125, 0.365, 0.2581453634085213]"
90,"[0.12718204488778054, 0.155, 0.1225, 0.365, 0.305, 0.0825, 0.375, 0.0775, 0.3138415955560248, 0.57, 0.3138415955560248, 0.3138415955560248, 0.095, 0.53, 0.5075, 0.4025, 0.44, 0.365, 0.3138415955560248, 0.3138415955560248, 0.39, 0.305, 0.425, 0.3138415955560248, 0.3233082706766917]"
91,"[0.10972568578553615, 0.1025, 0.1375, 0.515, 0.3875, 0.1275, 0.3975, 0.145, 0.3364988851904009, 0.435, 0.3364988851904009, 0.3364988851904009, 0.095, 0.475, 0.35, 0.385, 0.4725, 0.495, 0.3364988851904009, 0.3364988851904009, 0.395, 0.505, 0.3625, 0.3364988851904009, 0.5012531328320802]"
92,"[0.14713216957605985, 0.1475, 0.1225, 0.445, 0.5125, 0.0825, 0.46, 0.0775, 0.34489292120575754, 0.56, 0.34489292120575754, 0.34489292120575754, 0.095, 0.555, 0.44, 0.4375, 0.4375, 0.4325, 0.34489292120575754, 0.34489292120575754, 0.445, 0.3325, 0.49, 0.34489292120575754, 0.3333333333333333]"
93,"[0.10972568578553615, 0.1025, 0.1375, 0.5625, 0.36, 0.14, 0.41, 0.155, 0.3404416368062827, 0.4375, 0.3404416368062827, 0.3404416368062827, 0.095, 0.455, 0.3475, 0.415, 0.49, 0.4875, 0.3404416368062827, 0.3404416368062827, 0.4125, 0.51, 0.375, 0.3404416368062827, 0.46616541353383456]"
94,"[0.1371571072319202, 0.15, 0.1375, 0.465, 0.4925, 0.0825, 0.46, 0.0775, 0.341605419573346, 0.5125, 0.341605419573346, 0.341605419573346, 0.095, 0.5575, 0.4175, 0.505, 0.3975, 0.4275, 0.341605419573346, 0.341605419573346, 0.4675, 0.2725, 0.4975, 0.341605419573346, 0.3383458646616541]"
95,"[0.10972568578553615, 0.1025, 0.1375, 0.3510781436869274, 0.38, 0.3510781436869274, 0.3510781436869274, 0.1575, 0.3510781436869274, 0.62, 0.3510781436869274, 0.4375, 0.3510781436869274, 0.4725, 0.385, 0.5525, 0.4625, 0.4025, 0.3510781436869274, 0.0725, 0.39, 0.4725, 0.3725, 0.3510781436869274, 0.44110275689223055]"
96,"[0.1371571072319202, 0.135, 0.1375, 0.31237957921060533, 0.2575, 0.31237957921060533, 0.31237957921060533, 0.0775, 0.31237957921060533, 0.4975, 0.31237957921060533, 0.39, 0.31237957921060533, 0.46, 0.4725, 0.475, 0.3725, 0.39, 0.31237957921060533, 0.0725, 0.375, 0.2475, 0.495, 0.31237957921060533, 0.3182957393483709]"
97,"[0.10972568578553615, 0.1025, 0.1375, 0.33063917862721925, 0.3625, 0.33063917862721925, 0.33063917862721925, 0.155, 0.33063917862721925, 0.595, 0.33063917862721925, 0.2375, 0.33063917862721925, 0.435, 0.4575, 0.5, 0.445, 0.375, 0.33063917862721925, 0.0725, 0.3825, 0.4525, 0.345, 0.33063917862721925, 0.45614035087719296]"
98,"[0.12219451371571072, 0.1325, 0.1375, 0.3203240617680331, 0.215, 0.3203240617680331, 0.3203240617680331, 0.0775, 0.3203240617680331, 0.46, 0.3203240617680331, 0.465, 0.3203240617680331, 0.565, 0.495, 0.47, 0.3375, 0.395, 0.3203240617680331, 0.0725, 0.38, 0.3275, 0.4675, 0.3203240617680331, 0.3258145363408521]"
99,"[0.10972568578553615, 0.1025, 0.1375, 0.33843292770579814, 0.465, 0.33843292770579814, 0.33843292770579814, 0.1525, 0.33843292770579814, 0.615, 0.33843292770579814, 0.2675, 0.33843292770579814, 0.42, 0.4375, 0.4825, 0.4375, 0.425, 0.33843292770579814, 0.0725, 0.3875, 0.44, 0.3475, 0.33843292770579814, 0.45363408521303256]"
