eigenvector_centrality,"[0, 10, 11, 15, 17, 21, 38, 45, 24, 25]"
0,"[0.07960199004975124, 0.105, 0.205, 0.1, 0.115, 0.1, 0.105, 0.135, 0.09, 0.075, 0.115, 0.08, 0.15, 0.11, 0.12, 0.08, 0.145, 0.185, 0.085, 0.095, 0.07, 0.155, 0.095, 0.065, 0.08, 0.215, 0.14, 0.115, 0.08, 0.125, 0.055, 0.16, 0.15, 0.055, 0.11, 0.18, 0.08, 0.08, 0.125, 0.14, 0.095, 0.18, 0.11, 0.065, 0.155, 0.205, 0.115, 0.1, 0.095, 0.21105527638190955]"
1,"[0.08955223880597014, 0.075, 0.09, 0.1, 0.05, 0.105, 0.09, 0.135, 0.08, 0.09, 0.115, 0.08, 0.095, 0.11, 0.18, 0.12, 0.1, 0.05, 0.075, 0.1, 0.115, 0.09, 0.095, 0.105, 0.08, 0.1, 0.14, 0.22, 0.08, 0.11, 0.075, 0.17, 0.125, 0.11, 0.11, 0.095, 0.08, 0.105, 0.085, 0.14, 0.17, 0.195, 0.095, 0.15, 0.065, 0.095, 0.1, 0.115, 0.15, 0.09045226130653267]"
2,"[0.12437810945273632, 0.1, 0.115, 0.1, 0.115, 0.105, 0.105, 0.135, 0.09, 0.14, 0.115, 0.08, 0.15, 0.11, 0.085, 0.115, 0.155, 0.05, 0.085, 0.1, 0.115, 0.155, 0.095, 0.1, 0.08, 0.1, 0.14, 0.115, 0.08, 0.11, 0.055, 0.095, 0.1, 0.11, 0.075, 0.095, 0.08, 0.065, 0.125, 0.14, 0.095, 0.09, 0.11, 0.095, 0.09, 0.11, 0.135, 0.1, 0.095, 0.08040201005025126]"
3,"[0.08955223880597014, 0.1, 0.085, 0.1, 0.155, 0.1, 0.1, 0.135, 0.1, 0.09, 0.115, 0.025, 0.15, 0.11, 0.12, 0.11, 0.055, 0.05, 0.075, 0.1, 0.115, 0.09, 0.095, 0.105, 0.08, 0.1, 0.14, 0.1, 0.08, 0.11, 0.055, 0.095, 0.1, 0.11, 0.11, 0.095, 0.08, 0.105, 0.08, 0.14, 0.125, 0.09, 0.095, 0.065, 0.09, 0.11, 0.135, 0.1, 0.075, 0.09045226130653267]"
4,"[0.12437810945273632, 0.1, 0.085, 0.08, 0.115, 0.08, 0.105, 0.135, 0.1, 0.185, 0.115, 0.035, 0.15, 0.11, 0.085, 0.11, 0.145, 0.05, 0.085, 0.1, 0.115, 0.155, 0.095, 0.1, 0.08, 0.1, 0.14, 0.005, 0.08, 0.11, 0.055, 0.095, 0.1, 0.11, 0.11, 0.095, 0.08, 0.105, 0.08, 0.14, 0.1, 0.05, 0.11, 0.09, 0.09, 0.11, 0.125, 0.1, 0.095, 0.09045226130653267]"
5,"[0.08955223880597014, 0.1, 0.095, 0.08, 0.115, 0.08, 0.1, 0.135, 0.07, 0.13, 0.115, 0.08, 0.105, 0.1, 0.12, 0.11, 0.1, 0.05, 0.085, 0.08, 0.115, 0.1, 0.095, 0.045, 0.08, 0.1, 0.14, 0.06, 0.08, 0.14, 0.085, 0.11, 0.1, 0.11, 0.075, 0.095, 0.08, 0.105, 0.08, 0.14, 0.125, 0.09, 0.095, 0.065, 0.09, 0.11, 0.135, 0.11, 0.12, 0.09045226130653267]"
6,"[0.12437810945273632, 0.1, 0.08, 0.08, 0.135, 0.085, 0.145, 0.135, 0.1, 0.115, 0.09, 0.1, 0.06, 0.115, 0.155, 0.12, 0.1, 0.11, 0.09, 0.1, 0.115, 0.115, 0.095, 0.1, 0.08, 0.1, 0.115, 0.115, 0.08, 0.1, 0.085, 0.085, 0.1, 0.055, 0.075, 0.115, 0.08, 0.105, 0.08, 0.115, 0.045, 0.09, 0.095, 0.065, 0.07, 0.11, 0.13, 0.12, 0.12, 0.09045226130653267]"
7,"[0.12437810945273632, 0.1, 0.095, 0.11, 0.07, 0.165, 0.1, 0.135, 0.075, 0.11, 0.095, 0.1, 0.06, 0.125, 0.1, 0.125, 0.1, 0.11, 0.085, 0.085, 0.115, 0.1, 0.09, 0.18, 0.14, 0.245, 0.14, 0.105, 0.08, 0.07, 0.085, 0.13, 0.1, 0.18, 0.11, 0.115, 0.08, 0.105, 0.08, 0.07, 0.125, 0.105, 0.095, 0.065, 0.09, 0.11, 0.135, 0.11, 0.12, 0.09045226130653267]"
8,"[0.12437810945273632, 0.09, 0.105, 0.13, 0.11, 0.125, 0.115, 0.135, 0.11, 0.1, 0.11, 0.11, 0.115, 0.14, 0.215, 0.125, 0.125, 0.175, 0.085, 0.1, 0.115, 0.145, 0.095, 0.2, 0.08, 0.1, 0.07, 0.06, 0.14, 0.15, 0.085, 0.11, 0.12, 0.27, 0.12, 0.115, 0.08, 0.12, 0.085, 0.21, 0.075, 0.12, 0.095, 0.065, 0.085, 0.11, 0.14, 0.11, 0.125, 0.09547738693467336]"
9,"[0.0845771144278607, 0.07, 0.095, 0.09, 0.205, 0.225, 0.175, 0.14, 0.095, 0.12, 0.14, 0.09, 0.12, 0.11, 0.16, 0.18, 0.12, 0.115, 0.09, 0.095, 0.1, 0.1, 0.065, 0.065, 0.135, 0.18, 0.07, 0.115, 0.08, 0.145, 0.085, 0.115, 0.11, 0.19, 0.075, 0.12, 0.08, 0.225, 0.14, 0.215, 0.13, 0.13, 0.095, 0.065, 0.05, 0.11, 0.14, 0.11, 0.075, 0.10050251256281408]"
10,"[0.0845771144278607, 0.075, 0.195, 0.13, 0.105, 0.255, 0.14, 0.105, 0.1, 0.295, 0.155, 0.11, 0.12, 0.23, 0.125, 0.155, 0.09, 0.14, 0.09, 0.1, 0.115, 0.08, 0.055, 0.14, 0.14, 0.09, 0.075, 0.14, 0.165, 0.15, 0.085, 0.14, 0.11, 0.11, 0.075, 0.075, 0.08, 0.23, 0.135, 0.115, 0.155, 0.135, 0.13, 0.065, 0.175, 0.2, 0.08, 0.175, 0.13, 0.1407035175879397]"
11,"[0.0845771144278607, 0.07, 0.15, 0.085, 0.18, 0.22, 0.125, 0.135, 0.09, 0.25, 0.13, 0.085, 0.125, 0.21, 0.16, 0.095, 0.09, 0.135, 0.1, 0.2, 0.07, 0.105, 0.055, 0.07, 0.11, 0.095, 0.135, 0.165, 0.11, 0.185, 0.085, 0.185, 0.145, 0.215, 0.08, 0.1, 0.08, 0.225, 0.165, 0.125, 0.155, 0.165, 0.14, 0.075, 0.08, 0.11, 0.105, 0.145, 0.08, 0.2562814070351759]"
12,"[0.12935323383084577, 0.15, 0.16, 0.165, 0.1, 0.285, 0.17, 0.085, 0.15, 0.2, 0.22, 0.095, 0.13, 0.23, 0.275, 0.19, 0.11, 0.2, 0.135, 0.1, 0.115, 0.105, 0.06, 0.095, 0.245, 0.27, 0.105, 0.165, 0.185, 0.115, 0.14, 0.11, 0.11, 0.385, 0.08, 0.225, 0.08, 0.125, 0.135, 0.205, 0.27, 0.145, 0.15, 0.09, 0.205, 0.165, 0.17, 0.105, 0.135, 0.22613065326633167]"
13,"[0.1791044776119403, 0.16, 0.1, 0.26, 0.295, 0.205, 0.285, 0.29, 0.215, 0.355, 0.195, 0.33, 0.3, 0.19, 0.15, 0.185, 0.225, 0.18, 0.2, 0.31, 0.085, 0.145, 0.31, 0.085, 0.295, 0.105, 0.265, 0.16, 0.155, 0.2, 0.255, 0.2, 0.265, 0.185, 0.385, 0.15, 0.1, 0.33, 0.26, 0.275, 0.175, 0.235, 0.285, 0.39, 0.215, 0.145, 0.285, 0.375, 0.135, 0.27638190954773867]"
14,"[0.3333333333333333, 0.22, 0.31, 0.255, 0.105, 0.275, 0.205, 0.115, 0.205, 0.405, 0.325, 0.195, 0.165, 0.25, 0.315, 0.3, 0.165, 0.145, 0.21, 0.135, 0.44, 0.25, 0.09, 0.275, 0.15, 0.27, 0.155, 0.41, 0.28, 0.25, 0.19, 0.145, 0.135, 0.245, 0.145, 0.215, 0.29, 0.165, 0.21, 0.29, 0.27, 0.195, 0.19, 0.155, 0.18, 0.2, 0.165, 0.14, 0.29, 0.2663316582914573]"
15,"[0.19402985074626866, 0.185, 0.125, 0.425, 0.315, 0.225, 0.19, 0.36, 0.21, 0.345, 0.22, 0.235, 0.29, 0.215, 0.175, 0.19, 0.3, 0.25, 0.285, 0.285, 0.2, 0.19, 0.24, 0.155, 0.285, 0.15, 0.35, 0.135, 0.17, 0.205, 0.24, 0.24, 0.3, 0.195, 0.285, 0.155, 0.175, 0.27, 0.26, 0.215, 0.175, 0.245, 0.21, 0.275, 0.335, 0.31, 0.3, 0.21, 0.115, 0.2814070351758794]"
16,"[0.1691542288557214, 0.265, 0.225, 0.235, 0.125, 0.19, 0.185, 0.115, 0.215, 0.33, 0.305, 0.205, 0.255, 0.28, 0.315, 0.205, 0.175, 0.27, 0.2, 0.17, 0.27, 0.29, 0.12, 0.245, 0.145, 0.28, 0.14, 0.3, 0.24, 0.305, 0.17, 0.18, 0.165, 0.26, 0.16, 0.295, 0.195, 0.175, 0.23, 0.32, 0.265, 0.215, 0.265, 0.255, 0.15, 0.26, 0.17, 0.17, 0.295, 0.19597989949748743]"
17,"[0.22388059701492538, 0.195, 0.21, 0.27, 0.22, 0.27, 0.31, 0.29, 0.235, 0.22, 0.17, 0.265, 0.25, 0.21, 0.175, 0.215, 0.325, 0.225, 0.32, 0.295, 0.22, 0.165, 0.295, 0.155, 0.25, 0.165, 0.34, 0.195, 0.145, 0.19, 0.35, 0.225, 0.305, 0.195, 0.33, 0.195, 0.2, 0.29, 0.215, 0.23, 0.18, 0.375, 0.18, 0.26, 0.44, 0.205, 0.375, 0.3, 0.18, 0.2864321608040201]"
18,"[0.18407960199004975, 0.31, 0.24, 0.19, 0.175, 0.2, 0.145, 0.11, 0.22, 0.31, 0.32, 0.225, 0.26, 0.27, 0.29, 0.26, 0.16, 0.24, 0.15, 0.185, 0.225, 0.215, 0.14, 0.265, 0.12, 0.285, 0.11, 0.32, 0.235, 0.295, 0.115, 0.225, 0.165, 0.245, 0.165, 0.28, 0.165, 0.175, 0.305, 0.31, 0.28, 0.2, 0.21, 0.295, 0.18, 0.225, 0.105, 0.135, 0.34, 0.18090452261306533]"
19,"[0.263681592039801, 0.12, 0.31, 0.28, 0.22, 0.26, 0.325, 0.31, 0.245, 0.225, 0.115, 0.26, 0.25, 0.175, 0.175, 0.17, 0.275, 0.175, 0.315, 0.315, 0.12, 0.17, 0.29, 0.17, 0.265, 0.195, 0.34, 0.21, 0.13, 0.17, 0.385, 0.225, 0.3, 0.185, 0.33, 0.145, 0.135, 0.3, 0.19, 0.21, 0.18, 0.38, 0.205, 0.255, 0.42, 0.205, 0.415, 0.315, 0.125, 0.3065326633165829]"
20,"[0.21393034825870647, 0.35, 0.265, 0.22, 0.13, 0.235, 0.11, 0.135, 0.22, 0.29, 0.31, 0.21, 0.215, 0.29, 0.275, 0.305, 0.14, 0.265, 0.145, 0.2, 0.21, 0.27, 0.14, 0.34, 0.13, 0.285, 0.12, 0.315, 0.25, 0.295, 0.18, 0.2, 0.145, 0.22, 0.16, 0.305, 0.155, 0.19, 0.315, 0.285, 0.29, 0.12, 0.205, 0.25, 0.19, 0.165, 0.095, 0.12, 0.35, 0.18592964824120603]"
21,"[0.23880597014925373, 0.11, 0.325, 0.29, 0.22, 0.115, 0.35, 0.335, 0.245, 0.24, 0.1, 0.27, 0.3, 0.12, 0.175, 0.16, 0.3, 0.15, 0.35, 0.34, 0.135, 0.165, 0.305, 0.165, 0.315, 0.195, 0.355, 0.265, 0.13, 0.17, 0.39, 0.295, 0.33, 0.205, 0.345, 0.13, 0.105, 0.315, 0.19, 0.19, 0.235, 0.385, 0.21, 0.27, 0.45, 0.21, 0.415, 0.32, 0.12, 0.2562814070351759]"
22,"[0.22388059701492538, 0.36, 0.295, 0.19, 0.16, 0.24, 0.11, 0.165, 0.21, 0.24, 0.3, 0.2, 0.2, 0.305, 0.29, 0.305, 0.12, 0.3, 0.145, 0.2, 0.225, 0.275, 0.145, 0.355, 0.155, 0.29, 0.22, 0.285, 0.255, 0.32, 0.225, 0.185, 0.14, 0.23, 0.165, 0.345, 0.17, 0.165, 0.345, 0.275, 0.295, 0.105, 0.245, 0.22, 0.18, 0.12, 0.095, 0.115, 0.385, 0.18592964824120603]"
23,"[0.19402985074626866, 0.11, 0.32, 0.31, 0.23, 0.12, 0.355, 0.345, 0.25, 0.285, 0.1, 0.295, 0.28, 0.115, 0.175, 0.16, 0.315, 0.15, 0.385, 0.325, 0.145, 0.15, 0.325, 0.16, 0.33, 0.175, 0.345, 0.305, 0.115, 0.175, 0.39, 0.34, 0.335, 0.24, 0.34, 0.13, 0.11, 0.315, 0.19, 0.185, 0.275, 0.405, 0.225, 0.325, 0.47, 0.225, 0.385, 0.32, 0.2, 0.19597989949748743]"
24,"[0.21890547263681592, 0.365, 0.345, 0.185, 0.23, 0.25, 0.11, 0.15, 0.19, 0.205, 0.315, 0.2, 0.185, 0.32, 0.255, 0.335, 0.115, 0.295, 0.16, 0.21, 0.225, 0.285, 0.145, 0.345, 0.195, 0.32, 0.22, 0.295, 0.305, 0.315, 0.225, 0.17, 0.15, 0.23, 0.165, 0.33, 0.175, 0.135, 0.345, 0.3, 0.305, 0.11, 0.225, 0.2, 0.155, 0.13, 0.095, 0.105, 0.385, 0.19597989949748743]"
25,"[0.2736318407960199, 0.11, 0.24, 0.32, 0.23, 0.115, 0.35, 0.355, 0.245, 0.3, 0.33, 0.22, 0.29, 0.115, 0.17, 0.315, 0.3, 0.23, 0.395, 0.29, 0.145, 0.36, 0.315, 0.15, 0.205, 0.35, 0.34, 0.375, 0.13, 0.185, 0.36, 0.36, 0.3, 0.295, 0.35, 0.13, 0.115, 0.325, 0.37, 0.185, 0.24, 0.385, 0.265, 0.34, 0.425, 0.335, 0.385, 0.32, 0.185, 0.17587939698492464]"
26,"[0.3681592039800995, 0.34, 0.31, 0.25, 0.375, 0.255, 0.215, 0.12, 0.205, 0.215, 0.35, 0.44, 0.12, 0.36, 0.275, 0.35, 0.375, 0.315, 0.345, 0.24, 0.28, 0.3, 0.375, 0.38, 0.43, 0.325, 0.32, 0.41, 0.3, 0.31, 0.415, 0.17, 0.31, 0.24, 0.29, 0.32, 0.295, 0.12, 0.34, 0.305, 0.27, 0.33, 0.21, 0.17, 0.23, 0.45, 0.475, 0.31, 0.35, 0.21105527638190955]"
27,"[0.4577114427860697, 0.19, 0.315, 0.335, 0.28, 0.155, 0.38, 0.36, 0.255, 0.31, 0.325, 0.46, 0.29, 0.23, 0.415, 0.44, 0.495, 0.28, 0.375, 0.285, 0.325, 0.41, 0.4, 0.15, 0.465, 0.5, 0.29, 0.28, 0.22, 0.2, 0.43, 0.34, 0.355, 0.305, 0.365, 0.245, 0.39, 0.35, 0.395, 0.195, 0.36, 0.58, 0.28, 0.305, 0.34, 0.305, 0.445, 0.34, 0.165, 0.19095477386934673]"
28,"[0.34328358208955223, 0.345, 0.35, 0.34, 0.4, 0.265, 0.23, 0.17, 0.205, 0.235, 0.42, 0.295, 0.12, 0.295, 0.29, 0.43, 0.25, 0.48, 0.315, 0.32, 0.305, 0.315, 0.175, 0.335, 0.31, 0.3, 0.275, 0.39, 0.31, 0.295, 0.395, 0.235, 0.315, 0.26, 0.33, 0.325, 0.29, 0.195, 0.36, 0.315, 0.26, 0.155, 0.215, 0.245, 0.22, 0.465, 0.31, 0.21, 0.37, 0.24120603015075376]"
29,"[0.5174129353233831, 0.19, 0.395, 0.335, 0.305, 0.285, 0.41, 0.36, 0.265, 0.33, 0.36, 0.485, 0.315, 0.28, 0.435, 0.31, 0.44, 0.255, 0.31, 0.295, 0.33, 0.495, 0.395, 0.135, 0.525, 0.585, 0.44, 0.13, 0.335, 0.215, 0.36, 0.345, 0.345, 0.365, 0.405, 0.255, 0.4, 0.32, 0.55, 0.355, 0.27, 0.305, 0.32, 0.3, 0.325, 0.35, 0.21, 0.4, 0.155, 0.2562814070351759]"
30,"[0.3781094527363184, 0.39, 0.405, 0.35, 0.445, 0.275, 0.265, 0.285, 0.235, 0.29, 0.485, 0.3, 0.175, 0.295, 0.355, 0.535, 0.245, 0.47, 0.42, 0.325, 0.315, 0.295, 0.185, 0.305, 0.315, 0.35, 0.31, 0.465, 0.31, 0.345, 0.365, 0.235, 0.295, 0.27, 0.3, 0.37, 0.29, 0.185, 0.345, 0.375, 0.305, 0.165, 0.26, 0.235, 0.31, 0.475, 0.35, 0.265, 0.375, 0.271356783919598]"
31,"[0.5422885572139303, 0.27, 0.375, 0.345, 0.325, 0.305, 0.375, 0.355, 0.275, 0.345, 0.385, 0.51, 0.275, 0.425, 0.405, 0.355, 0.365, 0.27, 0.355, 0.33, 0.41, 0.505, 0.315, 0.305, 0.55, 0.58, 0.46, 0.12, 0.315, 0.255, 0.37, 0.39, 0.355, 0.39, 0.41, 0.315, 0.38, 0.295, 0.525, 0.31, 0.31, 0.23, 0.365, 0.36, 0.33, 0.35, 0.195, 0.405, 0.24, 0.3316582914572864]"
32,"[0.39303482587064675, 0.415, 0.445, 0.4, 0.43, 0.275, 0.275, 0.36, 0.265, 0.305, 0.465, 0.345, 0.255, 0.3, 0.415, 0.52, 0.26, 0.475, 0.475, 0.24, 0.315, 0.31, 0.185, 0.31, 0.36, 0.34, 0.305, 0.405, 0.325, 0.415, 0.365, 0.235, 0.295, 0.295, 0.31, 0.435, 0.275, 0.305, 0.36, 0.39, 0.295, 0.195, 0.29, 0.215, 0.41, 0.53, 0.375, 0.26, 0.37, 0.2613065326633166]"
33,"[0.5572139303482587, 0.3, 0.355, 0.335, 0.345, 0.32, 0.34, 0.365, 0.3, 0.335, 0.39, 0.51, 0.275, 0.39, 0.32, 0.345, 0.335, 0.285, 0.38, 0.355, 0.465, 0.455, 0.31, 0.375, 0.485, 0.59, 0.475, 0.125, 0.325, 0.28, 0.37, 0.385, 0.385, 0.335, 0.415, 0.335, 0.36, 0.29, 0.525, 0.305, 0.305, 0.23, 0.4, 0.37, 0.34, 0.355, 0.23, 0.34, 0.275, 0.35175879396984927]"
34,"[0.4079601990049751, 0.415, 0.435, 0.395, 0.39, 0.275, 0.28, 0.485, 0.325, 0.31, 0.495, 0.38, 0.29, 0.3, 0.44, 0.525, 0.285, 0.51, 0.48, 0.175, 0.32, 0.32, 0.18, 0.285, 0.34, 0.365, 0.305, 0.405, 0.32, 0.43, 0.37, 0.24, 0.3, 0.33, 0.31, 0.445, 0.27, 0.315, 0.355, 0.41, 0.3, 0.22, 0.32, 0.25, 0.395, 0.54, 0.375, 0.26, 0.335, 0.2613065326633166]"
35,"[0.5472636815920398, 0.305, 0.325, 0.36, 0.345, 0.37, 0.335, 0.355, 0.325, 0.3, 0.41, 0.485, 0.285, 0.305, 0.245, 0.345, 0.355, 0.31, 0.425, 0.365, 0.485, 0.485, 0.31, 0.34, 0.53, 0.565, 0.455, 0.16, 0.315, 0.295, 0.37, 0.38, 0.385, 0.285, 0.415, 0.34, 0.345, 0.28, 0.555, 0.315, 0.315, 0.235, 0.39, 0.37, 0.32, 0.36, 0.24, 0.315, 0.26, 0.4321608040201005]"
36,"[0.39303482587064675, 0.38, 0.44, 0.4, 0.34, 0.26, 0.29, 0.47, 0.415, 0.3, 0.48, 0.39, 0.29, 0.315, 0.435, 0.525, 0.275, 0.525, 0.475, 0.175, 0.345, 0.32, 0.185, 0.29, 0.35, 0.365, 0.305, 0.41, 0.325, 0.43, 0.37, 0.25, 0.295, 0.345, 0.31, 0.43, 0.285, 0.285, 0.385, 0.425, 0.3, 0.235, 0.325, 0.255, 0.37, 0.525, 0.38, 0.265, 0.345, 0.271356783919598]"
37,"[0.5621890547263682, 0.305, 0.325, 0.39, 0.34, 0.37, 0.35, 0.355, 0.315, 0.32, 0.395, 0.54, 0.325, 0.295, 0.205, 0.355, 0.36, 0.305, 0.41, 0.38, 0.465, 0.495, 0.34, 0.3, 0.53, 0.565, 0.455, 0.165, 0.33, 0.31, 0.365, 0.385, 0.39, 0.25, 0.42, 0.35, 0.355, 0.28, 0.54, 0.33, 0.335, 0.225, 0.36, 0.35, 0.32, 0.39, 0.245, 0.29, 0.265, 0.39195979899497485]"
38,"[0.3880597014925373, 0.39, 0.435, 0.38, 0.35, 0.255, 0.29, 0.48, 0.425, 0.31, 0.525, 0.395, 0.285, 0.315, 0.46, 0.525, 0.29, 0.545, 0.47, 0.245, 0.36, 0.345, 0.195, 0.285, 0.35, 0.375, 0.3, 0.43, 0.335, 0.41, 0.365, 0.245, 0.3, 0.35, 0.31, 0.45, 0.275, 0.27, 0.375, 0.42, 0.305, 0.235, 0.325, 0.265, 0.35, 0.49, 0.395, 0.26, 0.405, 0.2864321608040201]"
39,"[0.5920398009950248, 0.305, 0.32, 0.395, 0.33, 0.39, 0.365, 0.36, 0.34, 0.34, 0.395, 0.545, 0.33, 0.29, 0.21, 0.36, 0.38, 0.31, 0.405, 0.375, 0.45, 0.485, 0.325, 0.295, 0.565, 0.575, 0.47, 0.19, 0.335, 0.325, 0.37, 0.395, 0.41, 0.245, 0.415, 0.36, 0.36, 0.28, 0.53, 0.335, 0.345, 0.215, 0.35, 0.34, 0.33, 0.385, 0.235, 0.28, 0.285, 0.35678391959798994]"
40,"[0.39800995024875624, 0.42, 0.435, 0.375, 0.355, 0.26, 0.295, 0.445, 0.465, 0.32, 0.555, 0.395, 0.28, 0.31, 0.445, 0.515, 0.29, 0.57, 0.46, 0.245, 0.36, 0.325, 0.195, 0.28, 0.37, 0.41, 0.31, 0.445, 0.34, 0.415, 0.38, 0.255, 0.3, 0.355, 0.315, 0.445, 0.29, 0.28, 0.385, 0.45, 0.305, 0.235, 0.325, 0.26, 0.335, 0.48, 0.385, 0.26, 0.39, 0.3065326633165829]"
41,"[0.5671641791044776, 0.305, 0.325, 0.38, 0.325, 0.385, 0.36, 0.355, 0.35, 0.32, 0.41, 0.55, 0.325, 0.29, 0.23, 0.37, 0.385, 0.32, 0.395, 0.37, 0.445, 0.49, 0.325, 0.28, 0.55, 0.51, 0.46, 0.205, 0.335, 0.33, 0.39, 0.4, 0.41, 0.245, 0.435, 0.375, 0.365, 0.28, 0.53, 0.345, 0.355, 0.215, 0.335, 0.36, 0.33, 0.405, 0.235, 0.285, 0.29, 0.34673366834170855]"
42,"[0.417910447761194, 0.445, 0.405, 0.385, 0.35, 0.285, 0.29, 0.45, 0.475, 0.325, 0.55, 0.405, 0.28, 0.305, 0.47, 0.55, 0.28, 0.59, 0.455, 0.245, 0.37, 0.33, 0.23, 0.28, 0.385, 0.38, 0.3, 0.455, 0.34, 0.435, 0.395, 0.26, 0.315, 0.37, 0.31, 0.435, 0.29, 0.275, 0.385, 0.465, 0.325, 0.24, 0.315, 0.265, 0.325, 0.49, 0.38, 0.255, 0.405, 0.3065326633165829]"
43,"[0.5422885572139303, 0.305, 0.32, 0.385, 0.325, 0.395, 0.375, 0.355, 0.355, 0.31, 0.405, 0.58, 0.31, 0.29, 0.255, 0.375, 0.385, 0.32, 0.39, 0.355, 0.45, 0.505, 0.315, 0.275, 0.555, 0.56, 0.47, 0.225, 0.335, 0.34, 0.385, 0.4, 0.41, 0.25, 0.445, 0.37, 0.36, 0.28, 0.525, 0.345, 0.355, 0.225, 0.345, 0.375, 0.33, 0.415, 0.25, 0.25, 0.295, 0.34673366834170855]"
44,"[0.39800995024875624, 0.445, 0.4, 0.4, 0.315, 0.285, 0.29, 0.445, 0.46, 0.34, 0.555, 0.435, 0.275, 0.31, 0.47, 0.555, 0.275, 0.57, 0.45, 0.255, 0.37, 0.335, 0.245, 0.275, 0.4, 0.41, 0.305, 0.46, 0.34, 0.45, 0.395, 0.255, 0.305, 0.38, 0.31, 0.435, 0.295, 0.275, 0.375, 0.48, 0.33, 0.24, 0.315, 0.265, 0.325, 0.54, 0.39, 0.26, 0.41, 0.32160804020100503]"
45,"[0.5124378109452736, 0.305, 0.32, 0.375, 0.335, 0.395, 0.375, 0.355, 0.375, 0.275, 0.41, 0.545, 0.32, 0.29, 0.27, 0.375, 0.385, 0.31, 0.405, 0.37, 0.465, 0.48, 0.32, 0.275, 0.56, 0.555, 0.47, 0.24, 0.33, 0.325, 0.39, 0.39, 0.465, 0.25, 0.52, 0.385, 0.36, 0.275, 0.565, 0.345, 0.355, 0.225, 0.34, 0.375, 0.33, 0.405, 0.255, 0.245, 0.29, 0.36683417085427134]"
46,"[0.40298507462686567, 0.44, 0.425, 0.395, 0.31, 0.3, 0.29, 0.465, 0.45, 0.34, 0.535, 0.455, 0.28, 0.3, 0.485, 0.565, 0.28, 0.59, 0.46, 0.255, 0.375, 0.355, 0.245, 0.27, 0.425, 0.395, 0.31, 0.46, 0.34, 0.46, 0.395, 0.245, 0.31, 0.37, 0.315, 0.435, 0.29, 0.27, 0.385, 0.495, 0.34, 0.235, 0.325, 0.27, 0.325, 0.535, 0.4, 0.265, 0.395, 0.32663316582914576]"
47,"[0.48258706467661694, 0.305, 0.305, 0.37, 0.335, 0.39, 0.375, 0.355, 0.405, 0.275, 0.4, 0.55, 0.305, 0.3, 0.25, 0.375, 0.37, 0.29, 0.405, 0.395, 0.46, 0.5, 0.34, 0.28, 0.56, 0.55, 0.48, 0.25, 0.33, 0.325, 0.4, 0.39, 0.465, 0.25, 0.51, 0.37, 0.36, 0.27, 0.56, 0.365, 0.37, 0.22, 0.34, 0.37, 0.325, 0.41, 0.27, 0.32, 0.29, 0.3768844221105528]"
48,"[0.4079601990049751, 0.415, 0.43, 0.415, 0.325, 0.315, 0.29, 0.47, 0.455, 0.34, 0.53, 0.44, 0.29, 0.295, 0.46, 0.555, 0.27, 0.6, 0.465, 0.26, 0.38, 0.345, 0.235, 0.27, 0.43, 0.4, 0.315, 0.455, 0.335, 0.475, 0.405, 0.245, 0.315, 0.38, 0.305, 0.45, 0.295, 0.27, 0.37, 0.515, 0.34, 0.24, 0.34, 0.27, 0.345, 0.54, 0.415, 0.26, 0.4, 0.32160804020100503]"
49,"[0.527363184079602, 0.305, 0.315, 0.37, 0.335, 0.385, 0.365, 0.35, 0.405, 0.265, 0.39, 0.57, 0.27, 0.305, 0.285, 0.37, 0.365, 0.29, 0.405, 0.395, 0.465, 0.49, 0.325, 0.285, 0.58, 0.54, 0.505, 0.29, 0.34, 0.325, 0.425, 0.405, 0.445, 0.265, 0.495, 0.375, 0.36, 0.28, 0.58, 0.37, 0.365, 0.22, 0.335, 0.38, 0.325, 0.425, 0.285, 0.335, 0.29, 0.35678391959798994]"
50,"[0.4079601990049751, 0.365, 0.44, 0.42, 0.315, 0.32, 0.285, 0.475, 0.475, 0.345, 0.52, 0.425, 0.285, 0.295, 0.455, 0.54, 0.265, 0.6, 0.49, 0.26, 0.38, 0.35, 0.21, 0.27, 0.42, 0.42, 0.3, 0.45, 0.33, 0.45, 0.395, 0.245, 0.32, 0.39, 0.3, 0.455, 0.3, 0.275, 0.37, 0.52, 0.34, 0.235, 0.335, 0.27, 0.35, 0.54, 0.39, 0.265, 0.37, 0.32663316582914576]"
51,"[0.5124378109452736, 0.305, 0.33, 0.36, 0.345, 0.4, 0.34, 0.35, 0.41, 0.28, 0.385, 0.58, 0.28, 0.305, 0.28, 0.365, 0.365, 0.3, 0.395, 0.385, 0.455, 0.5, 0.325, 0.28, 0.595, 0.495, 0.49, 0.33, 0.34, 0.33, 0.435, 0.42, 0.445, 0.27, 0.495, 0.375, 0.37, 0.27, 0.565, 0.365, 0.375, 0.22, 0.335, 0.39, 0.32, 0.405, 0.31, 0.36, 0.29, 0.3768844221105528]"
52,"[0.417910447761194, 0.36, 0.425, 0.41, 0.31, 0.315, 0.29, 0.47, 0.47, 0.34, 0.515, 0.38, 0.29, 0.3, 0.465, 0.565, 0.27, 0.58, 0.49, 0.27, 0.365, 0.34, 0.235, 0.265, 0.435, 0.445, 0.3, 0.44, 0.33, 0.44, 0.405, 0.245, 0.32, 0.39, 0.295, 0.465, 0.29, 0.275, 0.37, 0.525, 0.335, 0.225, 0.335, 0.27, 0.355, 0.53, 0.4, 0.28, 0.365, 0.3165829145728643]"
53,"[0.48756218905472637, 0.305, 0.295, 0.36, 0.345, 0.39, 0.335, 0.35, 0.42, 0.27, 0.405, 0.575, 0.285, 0.305, 0.275, 0.365, 0.355, 0.29, 0.38, 0.38, 0.45, 0.495, 0.32, 0.28, 0.605, 0.5, 0.485, 0.365, 0.33, 0.33, 0.45, 0.42, 0.42, 0.27, 0.455, 0.375, 0.365, 0.27, 0.545, 0.345, 0.375, 0.21, 0.335, 0.405, 0.325, 0.4, 0.3, 0.355, 0.29, 0.39195979899497485]"
54,"[0.3880597014925373, 0.355, 0.435, 0.4, 0.295, 0.32, 0.3, 0.485, 0.455, 0.34, 0.51, 0.365, 0.285, 0.305, 0.495, 0.575, 0.27, 0.58, 0.47, 0.265, 0.355, 0.35, 0.23, 0.27, 0.45, 0.43, 0.295, 0.405, 0.34, 0.445, 0.4, 0.245, 0.315, 0.385, 0.31, 0.465, 0.28, 0.28, 0.375, 0.515, 0.34, 0.225, 0.345, 0.27, 0.355, 0.535, 0.405, 0.29, 0.365, 0.3065326633165829]"
55,"[0.4975124378109453, 0.305, 0.3, 0.36, 0.35, 0.38, 0.31, 0.35, 0.42, 0.245, 0.4, 0.56, 0.26, 0.31, 0.27, 0.37, 0.355, 0.295, 0.405, 0.4, 0.455, 0.51, 0.32, 0.275, 0.6, 0.515, 0.47, 0.365, 0.335, 0.33, 0.44, 0.42, 0.385, 0.27, 0.43, 0.37, 0.37, 0.27, 0.55, 0.335, 0.385, 0.195, 0.345, 0.405, 0.325, 0.345, 0.33, 0.36, 0.29, 0.3969849246231156]"
56,"[0.39800995024875624, 0.3, 0.435, 0.405, 0.295, 0.32, 0.295, 0.49, 0.465, 0.345, 0.52, 0.37, 0.27, 0.305, 0.5, 0.575, 0.265, 0.56, 0.475, 0.28, 0.37, 0.35, 0.19, 0.275, 0.42, 0.42, 0.295, 0.405, 0.35, 0.42, 0.41, 0.245, 0.305, 0.385, 0.3, 0.46, 0.28, 0.29, 0.375, 0.49, 0.34, 0.23, 0.335, 0.27, 0.355, 0.55, 0.4, 0.285, 0.36, 0.3065326633165829]"
57,"[0.4925373134328358, 0.305, 0.31, 0.365, 0.35, 0.38, 0.315, 0.35, 0.435, 0.255, 0.4, 0.57, 0.28, 0.31, 0.26, 0.37, 0.35, 0.295, 0.42, 0.4, 0.46, 0.54, 0.335, 0.3, 0.57, 0.545, 0.47, 0.36, 0.33, 0.33, 0.445, 0.41, 0.37, 0.275, 0.42, 0.37, 0.37, 0.28, 0.54, 0.35, 0.38, 0.19, 0.34, 0.42, 0.33, 0.36, 0.32, 0.37, 0.295, 0.40703517587939697]"
58,"[0.38308457711442784, 0.295, 0.435, 0.42, 0.295, 0.33, 0.3, 0.49, 0.445, 0.34, 0.52, 0.36, 0.27, 0.31, 0.515, 0.575, 0.265, 0.545, 0.49, 0.285, 0.365, 0.34, 0.195, 0.28, 0.42, 0.405, 0.285, 0.415, 0.36, 0.425, 0.42, 0.245, 0.285, 0.39, 0.295, 0.46, 0.28, 0.285, 0.37, 0.5, 0.345, 0.23, 0.34, 0.27, 0.345, 0.555, 0.405, 0.27, 0.345, 0.3065326633165829]"
59,"[0.4925373134328358, 0.305, 0.31, 0.36, 0.37, 0.37, 0.3, 0.355, 0.42, 0.27, 0.4, 0.57, 0.28, 0.315, 0.245, 0.36, 0.35, 0.3, 0.41, 0.395, 0.465, 0.545, 0.33, 0.295, 0.58, 0.54, 0.49, 0.345, 0.32, 0.32, 0.45, 0.41, 0.37, 0.275, 0.39, 0.375, 0.385, 0.275, 0.545, 0.365, 0.38, 0.195, 0.33, 0.385, 0.33, 0.36, 0.305, 0.38, 0.3, 0.40703517587939697]"
60,"[0.35323383084577115, 0.285, 0.43, 0.41, 0.3, 0.335, 0.295, 0.495, 0.445, 0.335, 0.515, 0.36, 0.27, 0.315, 0.51, 0.575, 0.255, 0.535, 0.49, 0.285, 0.37, 0.345, 0.175, 0.285, 0.415, 0.385, 0.29, 0.445, 0.36, 0.425, 0.42, 0.245, 0.26, 0.395, 0.275, 0.46, 0.28, 0.285, 0.355, 0.5, 0.34, 0.225, 0.34, 0.27, 0.345, 0.55, 0.43, 0.27, 0.295, 0.31155778894472363]"
61,"[0.5223880597014925, 0.3, 0.37, 0.375, 0.375, 0.365, 0.31, 0.355, 0.42, 0.26, 0.385, 0.57, 0.26, 0.315, 0.23, 0.355, 0.37, 0.295, 0.4, 0.385, 0.465, 0.545, 0.335, 0.295, 0.56, 0.54, 0.49, 0.34, 0.315, 0.31, 0.47, 0.42, 0.37, 0.29, 0.41, 0.38, 0.385, 0.28, 0.525, 0.36, 0.375, 0.185, 0.34, 0.395, 0.33, 0.35, 0.3, 0.365, 0.3, 0.3969849246231156]"
62,"[0.34328358208955223, 0.305, 0.435, 0.385, 0.29, 0.34, 0.295, 0.495, 0.42, 0.33, 0.51, 0.365, 0.275, 0.325, 0.505, 0.555, 0.22, 0.55, 0.485, 0.295, 0.37, 0.325, 0.17, 0.295, 0.395, 0.395, 0.295, 0.44, 0.365, 0.43, 0.41, 0.245, 0.245, 0.39, 0.27, 0.46, 0.28, 0.29, 0.37, 0.49, 0.345, 0.21, 0.34, 0.27, 0.34, 0.55, 0.43, 0.27, 0.295, 0.3165829145728643]"
63,"[0.5124378109452736, 0.295, 0.365, 0.375, 0.38, 0.36, 0.33, 0.355, 0.41, 0.255, 0.38, 0.565, 0.265, 0.31, 0.205, 0.33, 0.365, 0.295, 0.38, 0.39, 0.465, 0.535, 0.305, 0.3, 0.57, 0.545, 0.49, 0.345, 0.325, 0.29, 0.465, 0.415, 0.36, 0.285, 0.405, 0.375, 0.385, 0.285, 0.53, 0.37, 0.38, 0.19, 0.35, 0.395, 0.335, 0.34, 0.3, 0.38, 0.305, 0.3969849246231156]"
64,"[0.34328358208955223, 0.29, 0.43, 0.385, 0.3, 0.35, 0.295, 0.485, 0.39, 0.335, 0.5, 0.35, 0.275, 0.33, 0.5, 0.525, 0.215, 0.515, 0.495, 0.26, 0.385, 0.305, 0.165, 0.31, 0.395, 0.395, 0.29, 0.45, 0.36, 0.42, 0.43, 0.245, 0.25, 0.385, 0.28, 0.46, 0.28, 0.285, 0.37, 0.49, 0.345, 0.19, 0.335, 0.265, 0.35, 0.54, 0.435, 0.27, 0.305, 0.32663316582914576]"
65,"[0.527363184079602, 0.295, 0.35, 0.37, 0.38, 0.355, 0.325, 0.35, 0.4, 0.265, 0.375, 0.565, 0.285, 0.315, 0.21, 0.325, 0.36, 0.295, 0.37, 0.39, 0.45, 0.51, 0.31, 0.29, 0.57, 0.535, 0.49, 0.335, 0.32, 0.285, 0.46, 0.385, 0.335, 0.295, 0.43, 0.375, 0.375, 0.29, 0.53, 0.38, 0.385, 0.185, 0.34, 0.375, 0.335, 0.36, 0.305, 0.375, 0.305, 0.4120603015075377]"
66,"[0.34328358208955223, 0.285, 0.435, 0.395, 0.305, 0.345, 0.295, 0.485, 0.4, 0.33, 0.51, 0.365, 0.275, 0.33, 0.5, 0.53, 0.225, 0.525, 0.505, 0.245, 0.39, 0.31, 0.17, 0.32, 0.39, 0.375, 0.285, 0.47, 0.37, 0.405, 0.44, 0.255, 0.25, 0.395, 0.295, 0.465, 0.285, 0.29, 0.355, 0.475, 0.34, 0.175, 0.34, 0.265, 0.36, 0.55, 0.425, 0.275, 0.295, 0.32160804020100503]"
67,"[0.527363184079602, 0.295, 0.355, 0.375, 0.385, 0.325, 0.335, 0.355, 0.385, 0.265, 0.365, 0.56, 0.285, 0.315, 0.21, 0.315, 0.37, 0.275, 0.37, 0.395, 0.45, 0.48, 0.295, 0.3, 0.575, 0.525, 0.455, 0.32, 0.32, 0.29, 0.445, 0.385, 0.335, 0.305, 0.405, 0.375, 0.38, 0.295, 0.535, 0.375, 0.385, 0.17, 0.34, 0.385, 0.33, 0.355, 0.295, 0.375, 0.305, 0.3969849246231156]"
68,"[0.3333333333333333, 0.285, 0.44, 0.385, 0.3, 0.345, 0.295, 0.48, 0.39, 0.34, 0.515, 0.36, 0.28, 0.325, 0.5, 0.525, 0.23, 0.52, 0.52, 0.225, 0.395, 0.3, 0.185, 0.32, 0.43, 0.38, 0.285, 0.485, 0.37, 0.415, 0.44, 0.255, 0.24, 0.405, 0.295, 0.46, 0.285, 0.29, 0.35, 0.48, 0.36, 0.205, 0.335, 0.265, 0.36, 0.53, 0.42, 0.275, 0.315, 0.3316582914572864]"
69,"[0.5223880597014925, 0.3, 0.375, 0.38, 0.38, 0.34, 0.34, 0.36, 0.38, 0.265, 0.37, 0.54, 0.275, 0.315, 0.225, 0.33, 0.36, 0.27, 0.385, 0.38, 0.455, 0.485, 0.315, 0.31, 0.575, 0.535, 0.42, 0.3, 0.325, 0.285, 0.45, 0.38, 0.325, 0.305, 0.37, 0.385, 0.395, 0.295, 0.535, 0.37, 0.385, 0.175, 0.345, 0.39, 0.335, 0.37, 0.31, 0.385, 0.3, 0.3969849246231156]"
70,"[0.3283582089552239, 0.27, 0.435, 0.37, 0.315, 0.335, 0.295, 0.475, 0.39, 0.33, 0.51, 0.36, 0.27, 0.325, 0.505, 0.525, 0.245, 0.52, 0.515, 0.22, 0.4, 0.3, 0.18, 0.33, 0.415, 0.395, 0.285, 0.545, 0.37, 0.42, 0.435, 0.255, 0.235, 0.385, 0.285, 0.465, 0.285, 0.29, 0.355, 0.485, 0.35, 0.2, 0.33, 0.265, 0.36, 0.535, 0.455, 0.27, 0.31, 0.32160804020100503]"
71,"[0.5223880597014925, 0.3, 0.355, 0.375, 0.38, 0.335, 0.35, 0.355, 0.375, 0.265, 0.37, 0.5, 0.295, 0.32, 0.225, 0.32, 0.355, 0.255, 0.38, 0.385, 0.45, 0.475, 0.325, 0.315, 0.55, 0.505, 0.425, 0.255, 0.32, 0.285, 0.44, 0.38, 0.34, 0.315, 0.375, 0.375, 0.4, 0.295, 0.525, 0.355, 0.36, 0.175, 0.34, 0.375, 0.325, 0.355, 0.3, 0.37, 0.295, 0.3869346733668342]"
72,"[0.32338308457711445, 0.25, 0.435, 0.36, 0.305, 0.345, 0.295, 0.47, 0.385, 0.335, 0.485, 0.41, 0.28, 0.33, 0.51, 0.53, 0.26, 0.45, 0.51, 0.215, 0.415, 0.285, 0.165, 0.325, 0.44, 0.39, 0.295, 0.555, 0.375, 0.395, 0.455, 0.25, 0.24, 0.375, 0.27, 0.465, 0.3, 0.29, 0.365, 0.485, 0.345, 0.215, 0.335, 0.25, 0.365, 0.54, 0.47, 0.275, 0.285, 0.33668341708542715]"
73,"[0.527363184079602, 0.3, 0.35, 0.38, 0.39, 0.34, 0.36, 0.36, 0.365, 0.26, 0.37, 0.505, 0.28, 0.32, 0.22, 0.315, 0.365, 0.25, 0.39, 0.38, 0.44, 0.48, 0.32, 0.315, 0.54, 0.545, 0.4, 0.265, 0.325, 0.29, 0.44, 0.38, 0.345, 0.325, 0.39, 0.38, 0.39, 0.29, 0.52, 0.36, 0.35, 0.17, 0.31, 0.385, 0.32, 0.34, 0.295, 0.375, 0.29, 0.3768844221105528]"
74,"[0.31840796019900497, 0.255, 0.43, 0.355, 0.305, 0.33, 0.3, 0.465, 0.375, 0.345, 0.47, 0.37, 0.28, 0.32, 0.5, 0.49, 0.28, 0.45, 0.505, 0.2, 0.415, 0.3, 0.17, 0.32, 0.42, 0.405, 0.29, 0.545, 0.375, 0.41, 0.46, 0.25, 0.265, 0.385, 0.275, 0.46, 0.295, 0.29, 0.38, 0.465, 0.34, 0.205, 0.335, 0.25, 0.36, 0.525, 0.47, 0.27, 0.28, 0.3316582914572864]"
75,"[0.5223880597014925, 0.3, 0.34, 0.38, 0.375, 0.335, 0.36, 0.37, 0.35, 0.26, 0.37, 0.48, 0.315, 0.32, 0.22, 0.33, 0.365, 0.25, 0.375, 0.4, 0.43, 0.475, 0.33, 0.315, 0.56, 0.525, 0.42, 0.27, 0.32, 0.29, 0.42, 0.36, 0.36, 0.335, 0.36, 0.375, 0.405, 0.29, 0.52, 0.36, 0.34, 0.16, 0.305, 0.39, 0.325, 0.33, 0.295, 0.375, 0.29, 0.37185929648241206]"
76,"[0.3333333333333333, 0.255, 0.43, 0.35, 0.31, 0.32, 0.31, 0.47, 0.38, 0.34, 0.48, 0.37, 0.28, 0.32, 0.505, 0.485, 0.27, 0.46, 0.49, 0.195, 0.415, 0.295, 0.165, 0.32, 0.43, 0.415, 0.295, 0.51, 0.375, 0.42, 0.42, 0.25, 0.27, 0.385, 0.275, 0.45, 0.3, 0.29, 0.35, 0.455, 0.345, 0.22, 0.335, 0.25, 0.345, 0.52, 0.475, 0.275, 0.27, 0.34673366834170855]"
77,"[0.5422885572139303, 0.3, 0.31, 0.38, 0.38, 0.33, 0.375, 0.365, 0.345, 0.265, 0.38, 0.47, 0.305, 0.32, 0.215, 0.345, 0.355, 0.285, 0.385, 0.4, 0.435, 0.43, 0.325, 0.325, 0.56, 0.5, 0.415, 0.265, 0.315, 0.3, 0.415, 0.38, 0.34, 0.35, 0.365, 0.38, 0.405, 0.29, 0.47, 0.36, 0.335, 0.15, 0.3, 0.39, 0.315, 0.345, 0.31, 0.365, 0.295, 0.37185929648241206]"
78,"[0.35323383084577115, 0.285, 0.425, 0.35, 0.32, 0.315, 0.315, 0.46, 0.37, 0.335, 0.48, 0.38, 0.28, 0.32, 0.515, 0.475, 0.27, 0.48, 0.5, 0.195, 0.41, 0.305, 0.165, 0.325, 0.445, 0.42, 0.3, 0.505, 0.37, 0.405, 0.42, 0.25, 0.275, 0.39, 0.285, 0.45, 0.295, 0.295, 0.36, 0.445, 0.34, 0.225, 0.345, 0.245, 0.345, 0.505, 0.475, 0.28, 0.315, 0.3417085427135678]"
79,"[0.5323383084577115, 0.3, 0.295, 0.38, 0.38, 0.33, 0.39, 0.36, 0.35, 0.275, 0.38, 0.52, 0.31, 0.325, 0.22, 0.355, 0.355, 0.31, 0.395, 0.4, 0.43, 0.47, 0.34, 0.315, 0.53, 0.5, 0.395, 0.285, 0.33, 0.3, 0.415, 0.365, 0.35, 0.355, 0.365, 0.39, 0.415, 0.285, 0.485, 0.38, 0.325, 0.16, 0.3, 0.39, 0.32, 0.34, 0.31, 0.37, 0.295, 0.36180904522613067]"
80,"[0.3383084577114428, 0.275, 0.44, 0.36, 0.325, 0.32, 0.305, 0.46, 0.36, 0.34, 0.465, 0.39, 0.285, 0.32, 0.51, 0.46, 0.275, 0.475, 0.515, 0.195, 0.415, 0.315, 0.185, 0.325, 0.465, 0.415, 0.29, 0.505, 0.365, 0.405, 0.425, 0.25, 0.285, 0.385, 0.305, 0.44, 0.3, 0.3, 0.36, 0.455, 0.355, 0.22, 0.345, 0.245, 0.35, 0.505, 0.49, 0.3, 0.33, 0.33668341708542715]"
81,"[0.5074626865671642, 0.3, 0.285, 0.395, 0.37, 0.33, 0.39, 0.36, 0.355, 0.275, 0.375, 0.495, 0.3, 0.33, 0.225, 0.325, 0.35, 0.305, 0.405, 0.405, 0.42, 0.475, 0.325, 0.325, 0.515, 0.485, 0.38, 0.305, 0.325, 0.285, 0.41, 0.365, 0.315, 0.36, 0.355, 0.385, 0.42, 0.29, 0.46, 0.39, 0.34, 0.175, 0.295, 0.39, 0.32, 0.315, 0.315, 0.36, 0.295, 0.35175879396984927]"
82,"[0.35323383084577115, 0.285, 0.44, 0.345, 0.315, 0.32, 0.305, 0.45, 0.34, 0.35, 0.48, 0.405, 0.285, 0.32, 0.495, 0.435, 0.29, 0.465, 0.5, 0.195, 0.41, 0.315, 0.18, 0.33, 0.46, 0.41, 0.29, 0.495, 0.36, 0.405, 0.415, 0.25, 0.29, 0.39, 0.305, 0.435, 0.3, 0.295, 0.36, 0.48, 0.34, 0.185, 0.345, 0.245, 0.355, 0.475, 0.485, 0.31, 0.335, 0.3316582914572864]"
83,"[0.5124378109452736, 0.3, 0.285, 0.39, 0.36, 0.32, 0.395, 0.365, 0.36, 0.285, 0.345, 0.51, 0.31, 0.325, 0.23, 0.335, 0.35, 0.315, 0.4, 0.4, 0.43, 0.475, 0.335, 0.31, 0.52, 0.525, 0.345, 0.305, 0.32, 0.3, 0.41, 0.38, 0.335, 0.36, 0.39, 0.385, 0.415, 0.29, 0.45, 0.385, 0.345, 0.17, 0.29, 0.385, 0.32, 0.31, 0.305, 0.345, 0.285, 0.34673366834170855]"
84,"[0.3482587064676617, 0.295, 0.455, 0.35, 0.33, 0.315, 0.305, 0.44, 0.335, 0.355, 0.495, 0.375, 0.29, 0.325, 0.5, 0.39, 0.255, 0.44, 0.51, 0.195, 0.41, 0.325, 0.18, 0.34, 0.46, 0.42, 0.305, 0.505, 0.35, 0.405, 0.42, 0.25, 0.295, 0.385, 0.315, 0.44, 0.305, 0.295, 0.375, 0.47, 0.325, 0.17, 0.34, 0.25, 0.35, 0.44, 0.49, 0.315, 0.33, 0.3316582914572864]"
85,"[0.5124378109452736, 0.3, 0.27, 0.39, 0.355, 0.32, 0.395, 0.365, 0.365, 0.285, 0.36, 0.56, 0.305, 0.325, 0.23, 0.345, 0.335, 0.32, 0.395, 0.41, 0.405, 0.46, 0.335, 0.315, 0.515, 0.485, 0.32, 0.335, 0.315, 0.32, 0.405, 0.385, 0.345, 0.355, 0.415, 0.38, 0.43, 0.285, 0.415, 0.38, 0.34, 0.17, 0.295, 0.38, 0.315, 0.36, 0.325, 0.305, 0.29, 0.34673366834170855]"
86,"[0.3582089552238806, 0.295, 0.455, 0.335, 0.315, 0.315, 0.305, 0.42, 0.34, 0.355, 0.51, 0.375, 0.295, 0.325, 0.49, 0.415, 0.25, 0.42, 0.52, 0.195, 0.415, 0.325, 0.175, 0.34, 0.475, 0.43, 0.305, 0.51, 0.355, 0.42, 0.415, 0.255, 0.32, 0.38, 0.315, 0.43, 0.305, 0.295, 0.405, 0.475, 0.335, 0.165, 0.345, 0.245, 0.335, 0.455, 0.465, 0.33, 0.335, 0.3417085427135678]"
87,"[0.527363184079602, 0.3, 0.27, 0.39, 0.36, 0.32, 0.385, 0.36, 0.365, 0.275, 0.355, 0.55, 0.3, 0.32, 0.225, 0.355, 0.325, 0.33, 0.4, 0.41, 0.395, 0.45, 0.335, 0.31, 0.545, 0.52, 0.335, 0.315, 0.31, 0.305, 0.405, 0.37, 0.32, 0.355, 0.41, 0.385, 0.44, 0.29, 0.425, 0.39, 0.385, 0.185, 0.295, 0.38, 0.31, 0.33, 0.31, 0.295, 0.295, 0.3316582914572864]"
88,"[0.35323383084577115, 0.285, 0.44, 0.34, 0.31, 0.315, 0.305, 0.425, 0.345, 0.37, 0.485, 0.4, 0.295, 0.32, 0.505, 0.405, 0.26, 0.45, 0.535, 0.195, 0.405, 0.335, 0.175, 0.345, 0.47, 0.435, 0.305, 0.505, 0.355, 0.43, 0.43, 0.27, 0.335, 0.38, 0.32, 0.43, 0.32, 0.295, 0.41, 0.46, 0.325, 0.17, 0.345, 0.26, 0.335, 0.49, 0.475, 0.33, 0.325, 0.3417085427135678]"
89,"[0.5223880597014925, 0.305, 0.285, 0.395, 0.365, 0.305, 0.38, 0.36, 0.365, 0.27, 0.37, 0.545, 0.305, 0.325, 0.245, 0.355, 0.325, 0.325, 0.39, 0.4, 0.385, 0.45, 0.35, 0.31, 0.54, 0.52, 0.35, 0.32, 0.305, 0.31, 0.41, 0.365, 0.365, 0.325, 0.42, 0.385, 0.43, 0.29, 0.45, 0.415, 0.41, 0.175, 0.3, 0.38, 0.3, 0.295, 0.315, 0.285, 0.305, 0.34673366834170855]"
90,"[0.3681592039800995, 0.3, 0.445, 0.35, 0.31, 0.315, 0.31, 0.415, 0.335, 0.37, 0.47, 0.385, 0.305, 0.315, 0.515, 0.415, 0.25, 0.44, 0.54, 0.19, 0.415, 0.36, 0.175, 0.34, 0.415, 0.42, 0.29, 0.5, 0.35, 0.445, 0.41, 0.265, 0.315, 0.38, 0.34, 0.43, 0.305, 0.3, 0.41, 0.46, 0.33, 0.165, 0.345, 0.26, 0.335, 0.46, 0.495, 0.335, 0.33, 0.3417085427135678]"
91,"[0.527363184079602, 0.305, 0.285, 0.405, 0.37, 0.3, 0.38, 0.355, 0.365, 0.265, 0.365, 0.51, 0.31, 0.325, 0.225, 0.35, 0.33, 0.32, 0.4, 0.385, 0.375, 0.475, 0.345, 0.31, 0.545, 0.53, 0.345, 0.325, 0.295, 0.305, 0.41, 0.365, 0.34, 0.315, 0.42, 0.39, 0.45, 0.29, 0.46, 0.42, 0.395, 0.17, 0.305, 0.385, 0.3, 0.305, 0.325, 0.27, 0.305, 0.34673366834170855]"
92,"[0.36318407960199006, 0.3, 0.435, 0.35, 0.29, 0.315, 0.32, 0.41, 0.34, 0.365, 0.46, 0.4, 0.3, 0.315, 0.51, 0.41, 0.26, 0.445, 0.55, 0.19, 0.415, 0.335, 0.18, 0.335, 0.455, 0.425, 0.3, 0.485, 0.355, 0.44, 0.41, 0.275, 0.315, 0.385, 0.34, 0.42, 0.3, 0.295, 0.435, 0.445, 0.355, 0.165, 0.34, 0.255, 0.34, 0.46, 0.47, 0.335, 0.325, 0.3417085427135678]"
93,"[0.5223880597014925, 0.305, 0.28, 0.4, 0.365, 0.305, 0.385, 0.355, 0.365, 0.26, 0.37, 0.46, 0.31, 0.325, 0.25, 0.345, 0.33, 0.31, 0.395, 0.395, 0.37, 0.435, 0.36, 0.315, 0.54, 0.525, 0.33, 0.31, 0.295, 0.31, 0.395, 0.36, 0.325, 0.295, 0.405, 0.395, 0.44, 0.29, 0.47, 0.425, 0.41, 0.165, 0.32, 0.385, 0.305, 0.3, 0.285, 0.26, 0.31, 0.3316582914572864]"
94,"[0.35323383084577115, 0.31, 0.43, 0.36, 0.285, 0.32, 0.345, 0.405, 0.34, 0.385, 0.465, 0.415, 0.305, 0.305, 0.52, 0.42, 0.315, 0.455, 0.55, 0.165, 0.415, 0.365, 0.2, 0.335, 0.45, 0.455, 0.3, 0.475, 0.35, 0.45, 0.41, 0.275, 0.325, 0.38, 0.355, 0.415, 0.32, 0.3, 0.445, 0.43, 0.35, 0.215, 0.34, 0.26, 0.335, 0.43, 0.46, 0.33, 0.32, 0.32663316582914576]"
95,"[0.527363184079602, 0.305, 0.285, 0.4, 0.355, 0.295, 0.39, 0.36, 0.365, 0.265, 0.375, 0.49, 0.3, 0.32, 0.25, 0.34, 0.345, 0.255, 0.4, 0.4, 0.39, 0.445, 0.365, 0.31, 0.535, 0.51, 0.325, 0.325, 0.29, 0.315, 0.39, 0.37, 0.335, 0.28, 0.405, 0.39, 0.445, 0.29, 0.48, 0.4, 0.395, 0.19, 0.305, 0.375, 0.305, 0.295, 0.27, 0.26, 0.31, 0.3316582914572864]"
96,"[0.38308457711442784, 0.305, 0.43, 0.37, 0.27, 0.315, 0.345, 0.405, 0.335, 0.38, 0.455, 0.45, 0.325, 0.305, 0.515, 0.425, 0.325, 0.435, 0.555, 0.17, 0.43, 0.345, 0.215, 0.325, 0.435, 0.425, 0.32, 0.48, 0.355, 0.46, 0.415, 0.275, 0.315, 0.375, 0.355, 0.4, 0.315, 0.305, 0.45, 0.425, 0.37, 0.24, 0.34, 0.265, 0.34, 0.415, 0.45, 0.335, 0.315, 0.32663316582914576]"
97,"[0.5373134328358209, 0.3, 0.285, 0.405, 0.36, 0.31, 0.39, 0.355, 0.36, 0.27, 0.355, 0.485, 0.3, 0.32, 0.255, 0.33, 0.335, 0.25, 0.4, 0.415, 0.375, 0.42, 0.355, 0.31, 0.54, 0.465, 0.305, 0.34, 0.295, 0.305, 0.375, 0.375, 0.33, 0.28, 0.4, 0.39, 0.44, 0.285, 0.475, 0.415, 0.42, 0.175, 0.305, 0.37, 0.305, 0.315, 0.3, 0.285, 0.32, 0.3316582914572864]"
98,"[0.39800995024875624, 0.3, 0.43, 0.37, 0.26, 0.32, 0.355, 0.405, 0.335, 0.39, 0.445, 0.38, 0.325, 0.305, 0.505, 0.355, 0.31, 0.42, 0.545, 0.16, 0.43, 0.36, 0.205, 0.315, 0.425, 0.43, 0.315, 0.465, 0.355, 0.45, 0.41, 0.275, 0.32, 0.385, 0.365, 0.41, 0.315, 0.31, 0.43, 0.42, 0.365, 0.225, 0.34, 0.27, 0.345, 0.425, 0.45, 0.34, 0.315, 0.3316582914572864]"
99,"[0.5373134328358209, 0.305, 0.275, 0.405, 0.365, 0.31, 0.375, 0.355, 0.365, 0.265, 0.36, 0.47, 0.285, 0.32, 0.255, 0.325, 0.33, 0.25, 0.405, 0.41, 0.375, 0.41, 0.365, 0.31, 0.56, 0.465, 0.31, 0.345, 0.285, 0.29, 0.375, 0.385, 0.32, 0.275, 0.405, 0.39, 0.435, 0.285, 0.475, 0.4, 0.405, 0.165, 0.31, 0.37, 0.305, 0.34, 0.31, 0.325, 0.32, 0.3316582914572864]"
