out_deg_centrality,[ 3 10 18 13]
0,"[tensor(0.0046, device='cuda:3'), tensor(0.0046, device='cuda:3'), tensor(0.0046, device='cuda:3'), tensor(0.0046, device='cuda:3'), tensor(0.0046, device='cuda:3'), tensor(0.0046, device='cuda:3'), tensor(0.0046, device='cuda:3'), tensor(0.0046, device='cuda:3'), tensor(0.0046, device='cuda:3'), tensor(0.0046, device='cuda:3'), tensor(0.0046, device='cuda:3'), tensor(0.0046, device='cuda:3'), tensor(0.0046, device='cuda:3'), tensor(0.0046, device='cuda:3'), tensor(0.0046, device='cuda:3'), tensor(0.0046, device='cuda:3'), tensor(0.0046, device='cuda:3'), tensor(0.0046, device='cuda:3'), tensor(0.0046, device='cuda:3'), tensor(0.0046, device='cuda:3')]"
1,"[tensor(0.0046, device='cuda:3'), tensor(0.0046, device='cuda:3'), tensor(0.0046, device='cuda:3'), tensor(0.0046, device='cuda:3'), tensor(0.0046, device='cuda:3'), tensor(0.0046, device='cuda:3'), tensor(0.0046, device='cuda:3'), tensor(0.0046, device='cuda:3'), tensor(0.0046, device='cuda:3'), tensor(0.0046, device='cuda:3'), tensor(0.0046, device='cuda:3'), tensor(0.0046, device='cuda:3'), tensor(0.0046, device='cuda:3'), tensor(0.0046, device='cuda:3'), tensor(0.0046, device='cuda:3'), tensor(0.0046, device='cuda:3'), tensor(0.0046, device='cuda:3'), tensor(0.0046, device='cuda:3'), tensor(0.0046, device='cuda:3'), tensor(0.0046, device='cuda:3')]"
2,"[tensor(0.0046, device='cuda:3'), tensor(0.0046, device='cuda:3'), tensor(0.0046, device='cuda:3'), tensor(0.0046, device='cuda:3'), tensor(0.0046, device='cuda:3'), tensor(0.0046, device='cuda:3'), tensor(0.0046, device='cuda:3'), tensor(0.0046, device='cuda:3'), tensor(0.0046, device='cuda:3'), tensor(0.0046, device='cuda:3'), tensor(0.0046, device='cuda:3'), tensor(0.0046, device='cuda:3'), tensor(0.0046, device='cuda:3'), tensor(0.0046, device='cuda:3'), tensor(0.0046, device='cuda:3'), tensor(0.0046, device='cuda:3'), tensor(0.0046, device='cuda:3'), tensor(0.0046, device='cuda:3'), tensor(0.0046, device='cuda:3'), tensor(0.0046, device='cuda:3')]"
3,"[tensor(0.0046, device='cuda:3'), tensor(0.0046, device='cuda:3'), tensor(0.0046, device='cuda:3'), tensor(0.0046, device='cuda:3'), tensor(0.0046, device='cuda:3'), tensor(0.0046, device='cuda:3'), tensor(0.0046, device='cuda:3'), tensor(0.0046, device='cuda:3'), tensor(0.0046, device='cuda:3'), tensor(0.0046, device='cuda:3'), tensor(0.0046, device='cuda:3'), tensor(0.0046, device='cuda:3'), tensor(0.0046, device='cuda:3'), tensor(0.0046, device='cuda:3'), tensor(0.0046, device='cuda:3'), tensor(0.0046, device='cuda:3'), tensor(0.0046, device='cuda:3'), tensor(0.0046, device='cuda:3'), tensor(0.0046, device='cuda:3'), tensor(0.0046, device='cuda:3')]"
4,"[tensor(0.0046, device='cuda:3'), tensor(0.0046, device='cuda:3'), tensor(0.0046, device='cuda:3'), tensor(0.0046, device='cuda:3'), tensor(0.0046, device='cuda:3'), tensor(0.0046, device='cuda:3'), tensor(0.0046, device='cuda:3'), tensor(0.0046, device='cuda:3'), tensor(0.0046, device='cuda:3'), tensor(0.0046, device='cuda:3'), tensor(0.0046, device='cuda:3'), tensor(0.0046, device='cuda:3'), tensor(0.0046, device='cuda:3'), tensor(0.0046, device='cuda:3'), tensor(0.0046, device='cuda:3'), tensor(0.0046, device='cuda:3'), tensor(0.0046, device='cuda:3'), tensor(0.0046, device='cuda:3'), tensor(0.0046, device='cuda:3'), tensor(0.0046, device='cuda:3')]"
5,"[tensor(0.0046, device='cuda:3'), tensor(0.0046, device='cuda:3'), tensor(0.0046, device='cuda:3'), tensor(0.0046, device='cuda:3'), tensor(0.0046, device='cuda:3'), tensor(0.0046, device='cuda:3'), tensor(0.0046, device='cuda:3'), tensor(0.0046, device='cuda:3'), tensor(0.0046, device='cuda:3'), tensor(0.0046, device='cuda:3'), tensor(0.0046, device='cuda:3'), tensor(0.0046, device='cuda:3'), tensor(0.0046, device='cuda:3'), tensor(0.0046, device='cuda:3'), tensor(0.0046, device='cuda:3'), tensor(0.0046, device='cuda:3'), tensor(0.0046, device='cuda:3'), tensor(0.0046, device='cuda:3'), tensor(0.0046, device='cuda:3'), tensor(0.0046, device='cuda:3')]"
6,"[tensor(0.0046, device='cuda:3'), tensor(0.0046, device='cuda:3'), tensor(0.0046, device='cuda:3'), tensor(0.0046, device='cuda:3'), tensor(0.0046, device='cuda:3'), tensor(0.0046, device='cuda:3'), tensor(0.0046, device='cuda:3'), tensor(0.0046, device='cuda:3'), tensor(0.0046, device='cuda:3'), tensor(0.0046, device='cuda:3'), tensor(0.0046, device='cuda:3'), tensor(0.0046, device='cuda:3'), tensor(0.0046, device='cuda:3'), tensor(0.0046, device='cuda:3'), tensor(0.0046, device='cuda:3'), tensor(0.0046, device='cuda:3'), tensor(0.0046, device='cuda:3'), tensor(0.0046, device='cuda:3'), tensor(0.0046, device='cuda:3'), tensor(0.0046, device='cuda:3')]"
7,"[tensor(0.0046, device='cuda:3'), tensor(0.0046, device='cuda:3'), tensor(0.0046, device='cuda:3'), tensor(0.0046, device='cuda:3'), tensor(0.0046, device='cuda:3'), tensor(0.0046, device='cuda:3'), tensor(0.0046, device='cuda:3'), tensor(0.0046, device='cuda:3'), tensor(0.0046, device='cuda:3'), tensor(0.0046, device='cuda:3'), tensor(0.0046, device='cuda:3'), tensor(0.0046, device='cuda:3'), tensor(0.0046, device='cuda:3'), tensor(0.0046, device='cuda:3'), tensor(0.0046, device='cuda:3'), tensor(0.0046, device='cuda:3'), tensor(0.0046, device='cuda:3'), tensor(0.0046, device='cuda:3'), tensor(0.0046, device='cuda:3'), tensor(0.0046, device='cuda:3')]"
8,"[tensor(0.0046, device='cuda:3'), tensor(0.0046, device='cuda:3'), tensor(0.0046, device='cuda:3'), tensor(0.0046, device='cuda:3'), tensor(0.0046, device='cuda:3'), tensor(0.0046, device='cuda:3'), tensor(0.0046, device='cuda:3'), tensor(0.0046, device='cuda:3'), tensor(0.0046, device='cuda:3'), tensor(0.0046, device='cuda:3'), tensor(0.0046, device='cuda:3'), tensor(0.0046, device='cuda:3'), tensor(0.0046, device='cuda:3'), tensor(0.0046, device='cuda:3'), tensor(0.0046, device='cuda:3'), tensor(0.0046, device='cuda:3'), tensor(0.0046, device='cuda:3'), tensor(0.0046, device='cuda:3'), tensor(0.0046, device='cuda:3'), tensor(0.0046, device='cuda:3')]"
9,"[tensor(0.0046, device='cuda:3'), tensor(0.0046, device='cuda:3'), tensor(0.0046, device='cuda:3'), tensor(0.0046, device='cuda:3'), tensor(0.0046, device='cuda:3'), tensor(0.0046, device='cuda:3'), tensor(0.0046, device='cuda:3'), tensor(0.0046, device='cuda:3'), tensor(0.0046, device='cuda:3'), tensor(0.0046, device='cuda:3'), tensor(0.0046, device='cuda:3'), tensor(0.0046, device='cuda:3'), tensor(0.0046, device='cuda:3'), tensor(0.0046, device='cuda:3'), tensor(0.0046, device='cuda:3'), tensor(0.0046, device='cuda:3'), tensor(0.0046, device='cuda:3'), tensor(0.0046, device='cuda:3'), tensor(0.0046, device='cuda:3'), tensor(0.0046, device='cuda:3')]"
10,"[tensor(0.0046, device='cuda:3'), tensor(0.0046, device='cuda:3'), tensor(0.0046, device='cuda:3'), tensor(0.0046, device='cuda:3'), tensor(0.0046, device='cuda:3'), tensor(0.0046, device='cuda:3'), tensor(0.0046, device='cuda:3'), tensor(0.0046, device='cuda:3'), tensor(0.0046, device='cuda:3'), tensor(0.0046, device='cuda:3'), tensor(0.0046, device='cuda:3'), tensor(0.0046, device='cuda:3'), tensor(0.0046, device='cuda:3'), tensor(0.0046, device='cuda:3'), tensor(0.0046, device='cuda:3'), tensor(0.0046, device='cuda:3'), tensor(0.0046, device='cuda:3'), tensor(0.0046, device='cuda:3'), tensor(0.0046, device='cuda:3'), tensor(0.0046, device='cuda:3')]"
11,"[tensor(0.0046, device='cuda:3'), tensor(0.0046, device='cuda:3'), tensor(0.0046, device='cuda:3'), tensor(0.0046, device='cuda:3'), tensor(0.0046, device='cuda:3'), tensor(0.0046, device='cuda:3'), tensor(0.0046, device='cuda:3'), tensor(0.0046, device='cuda:3'), tensor(0.0046, device='cuda:3'), tensor(0.0046, device='cuda:3'), tensor(0.0046, device='cuda:3'), tensor(0.0046, device='cuda:3'), tensor(0.0046, device='cuda:3'), tensor(0.0046, device='cuda:3'), tensor(0.0046, device='cuda:3'), tensor(0.0046, device='cuda:3'), tensor(0.0046, device='cuda:3'), tensor(0.0046, device='cuda:3'), tensor(0.0046, device='cuda:3'), tensor(0.0046, device='cuda:3')]"
12,"[tensor(0.0046, device='cuda:3'), tensor(0.0046, device='cuda:3'), tensor(0.0046, device='cuda:3'), tensor(0.0046, device='cuda:3'), tensor(0.0046, device='cuda:3'), tensor(0.0046, device='cuda:3'), tensor(0.0046, device='cuda:3'), tensor(0.0046, device='cuda:3'), tensor(0.0046, device='cuda:3'), tensor(0.0046, device='cuda:3'), tensor(0.0046, device='cuda:3'), tensor(0.0046, device='cuda:3'), tensor(0.0046, device='cuda:3'), tensor(0.0046, device='cuda:3'), tensor(0.0046, device='cuda:3'), tensor(0.0046, device='cuda:3'), tensor(0.0046, device='cuda:3'), tensor(0.0046, device='cuda:3'), tensor(0.0046, device='cuda:3'), tensor(0.0046, device='cuda:3')]"
13,"[tensor(0.0046, device='cuda:3'), tensor(0.0046, device='cuda:3'), tensor(0.0046, device='cuda:3'), tensor(0.0046, device='cuda:3'), tensor(0.0046, device='cuda:3'), tensor(0.0046, device='cuda:3'), tensor(0.0046, device='cuda:3'), tensor(0.0046, device='cuda:3'), tensor(0.0046, device='cuda:3'), tensor(0.0046, device='cuda:3'), tensor(0.0046, device='cuda:3'), tensor(0.0046, device='cuda:3'), tensor(0.0046, device='cuda:3'), tensor(0.0046, device='cuda:3'), tensor(0.0046, device='cuda:3'), tensor(0.0046, device='cuda:3'), tensor(0.0046, device='cuda:3'), tensor(0.0046, device='cuda:3'), tensor(0.0046, device='cuda:3'), tensor(0.0046, device='cuda:3')]"
14,"[tensor(0.0046, device='cuda:3'), tensor(0.0046, device='cuda:3'), tensor(0.0046, device='cuda:3'), tensor(0.0046, device='cuda:3'), tensor(0.0046, device='cuda:3'), tensor(0.0046, device='cuda:3'), tensor(0.0046, device='cuda:3'), tensor(0.0046, device='cuda:3'), tensor(0.0046, device='cuda:3'), tensor(0.0046, device='cuda:3'), tensor(0.0046, device='cuda:3'), tensor(0.0046, device='cuda:3'), tensor(0.0046, device='cuda:3'), tensor(0.0046, device='cuda:3'), tensor(0.0046, device='cuda:3'), tensor(0.0046, device='cuda:3'), tensor(0.0046, device='cuda:3'), tensor(0.0046, device='cuda:3'), tensor(0.0046, device='cuda:3'), tensor(0.0046, device='cuda:3')]"
15,"[tensor(0.0046, device='cuda:3'), tensor(0.0046, device='cuda:3'), tensor(0.0046, device='cuda:3'), tensor(0.0046, device='cuda:3'), tensor(0.0046, device='cuda:3'), tensor(0.0046, device='cuda:3'), tensor(0.0046, device='cuda:3'), tensor(0.0046, device='cuda:3'), tensor(0.0046, device='cuda:3'), tensor(0.0046, device='cuda:3'), tensor(0.0046, device='cuda:3'), tensor(0.0046, device='cuda:3'), tensor(0.0046, device='cuda:3'), tensor(0.0046, device='cuda:3'), tensor(0.0046, device='cuda:3'), tensor(0.0046, device='cuda:3'), tensor(0.0046, device='cuda:3'), tensor(0.0046, device='cuda:3'), tensor(0.0046, device='cuda:3'), tensor(0.0046, device='cuda:3')]"
16,"[tensor(0.0046, device='cuda:3'), tensor(0.0046, device='cuda:3'), tensor(0.0046, device='cuda:3'), tensor(0.0046, device='cuda:3'), tensor(0.0046, device='cuda:3'), tensor(0.0046, device='cuda:3'), tensor(0.0046, device='cuda:3'), tensor(0.0046, device='cuda:3'), tensor(0.0046, device='cuda:3'), tensor(0.0046, device='cuda:3'), tensor(0.0046, device='cuda:3'), tensor(0.0046, device='cuda:3'), tensor(0.0046, device='cuda:3'), tensor(0.0046, device='cuda:3'), tensor(0.0046, device='cuda:3'), tensor(0.0046, device='cuda:3'), tensor(0.0046, device='cuda:3'), tensor(0.0046, device='cuda:3'), tensor(0.0046, device='cuda:3'), tensor(0.0046, device='cuda:3')]"
17,"[tensor(0.0046, device='cuda:3'), tensor(0.0046, device='cuda:3'), tensor(0.0046, device='cuda:3'), tensor(0.0046, device='cuda:3'), tensor(0.0046, device='cuda:3'), tensor(0.0046, device='cuda:3'), tensor(0.0046, device='cuda:3'), tensor(0.0046, device='cuda:3'), tensor(0.0046, device='cuda:3'), tensor(0.0046, device='cuda:3'), tensor(0.0046, device='cuda:3'), tensor(0.0046, device='cuda:3'), tensor(0.0046, device='cuda:3'), tensor(0.0046, device='cuda:3'), tensor(0.0046, device='cuda:3'), tensor(0.0046, device='cuda:3'), tensor(0.0046, device='cuda:3'), tensor(0.0046, device='cuda:3'), tensor(0.0046, device='cuda:3'), tensor(0.0046, device='cuda:3')]"
18,"[tensor(0.0046, device='cuda:3'), tensor(0.0046, device='cuda:3'), tensor(0.0046, device='cuda:3'), tensor(0.0046, device='cuda:3'), tensor(0.0046, device='cuda:3'), tensor(0.0046, device='cuda:3'), tensor(0.0046, device='cuda:3'), tensor(0.0046, device='cuda:3'), tensor(0.0046, device='cuda:3'), tensor(0.0046, device='cuda:3'), tensor(0.0046, device='cuda:3'), tensor(0.0046, device='cuda:3'), tensor(0.0046, device='cuda:3'), tensor(0.0046, device='cuda:3'), tensor(0.0046, device='cuda:3'), tensor(0.0046, device='cuda:3'), tensor(0.0046, device='cuda:3'), tensor(0.0046, device='cuda:3'), tensor(0.0046, device='cuda:3'), tensor(0.0046, device='cuda:3')]"
19,"[tensor(0.0046, device='cuda:3'), tensor(0.0046, device='cuda:3'), tensor(0.0046, device='cuda:3'), tensor(0.0046, device='cuda:3'), tensor(0.0046, device='cuda:3'), tensor(0.0046, device='cuda:3'), tensor(0.0046, device='cuda:3'), tensor(0.0046, device='cuda:3'), tensor(0.0046, device='cuda:3'), tensor(0.0046, device='cuda:3'), tensor(0.0046, device='cuda:3'), tensor(0.0046, device='cuda:3'), tensor(0.0046, device='cuda:3'), tensor(0.0046, device='cuda:3'), tensor(0.0046, device='cuda:3'), tensor(0.0046, device='cuda:3'), tensor(0.0046, device='cuda:3'), tensor(0.0046, device='cuda:3'), tensor(0.0046, device='cuda:3'), tensor(0.0046, device='cuda:3')]"
20,"[tensor(0.0046, device='cuda:3'), tensor(0.0046, device='cuda:3'), tensor(0.0046, device='cuda:3'), tensor(0.0046, device='cuda:3'), tensor(0.0046, device='cuda:3'), tensor(0.0046, device='cuda:3'), tensor(0.0046, device='cuda:3'), tensor(0.0046, device='cuda:3'), tensor(0.0046, device='cuda:3'), tensor(0.0046, device='cuda:3'), tensor(0.0046, device='cuda:3'), tensor(0.0046, device='cuda:3'), tensor(0.0046, device='cuda:3'), tensor(0.0046, device='cuda:3'), tensor(0.0046, device='cuda:3'), tensor(0.0046, device='cuda:3'), tensor(0.0046, device='cuda:3'), tensor(0.0046, device='cuda:3'), tensor(0.0046, device='cuda:3'), tensor(0.0046, device='cuda:3')]"
21,"[tensor(0.0046, device='cuda:3'), tensor(0.0046, device='cuda:3'), tensor(0.0046, device='cuda:3'), tensor(0.0046, device='cuda:3'), tensor(0.0046, device='cuda:3'), tensor(0.0046, device='cuda:3'), tensor(0.0046, device='cuda:3'), tensor(0.0046, device='cuda:3'), tensor(0.0046, device='cuda:3'), tensor(0.0046, device='cuda:3'), tensor(0.0046, device='cuda:3'), tensor(0.0046, device='cuda:3'), tensor(0.0046, device='cuda:3'), tensor(0.0046, device='cuda:3'), tensor(0.0046, device='cuda:3'), tensor(0.0046, device='cuda:3'), tensor(0.0046, device='cuda:3'), tensor(0.0046, device='cuda:3'), tensor(0.0046, device='cuda:3'), tensor(0.0046, device='cuda:3')]"
22,"[tensor(0.0046, device='cuda:3'), tensor(0.0046, device='cuda:3'), tensor(0.0046, device='cuda:3'), tensor(0.0046, device='cuda:3'), tensor(0.0046, device='cuda:3'), tensor(0.0046, device='cuda:3'), tensor(0.0046, device='cuda:3'), tensor(0.0046, device='cuda:3'), tensor(0.0046, device='cuda:3'), tensor(0.0046, device='cuda:3'), tensor(0.0046, device='cuda:3'), tensor(0.0046, device='cuda:3'), tensor(0.0046, device='cuda:3'), tensor(0.0046, device='cuda:3'), tensor(0.0046, device='cuda:3'), tensor(0.0046, device='cuda:3'), tensor(0.0046, device='cuda:3'), tensor(0.0046, device='cuda:3'), tensor(0.0046, device='cuda:3'), tensor(0.0046, device='cuda:3')]"
23,"[tensor(0.0046, device='cuda:3'), tensor(0.0046, device='cuda:3'), tensor(0.0046, device='cuda:3'), tensor(0.0046, device='cuda:3'), tensor(0.0046, device='cuda:3'), tensor(0.0046, device='cuda:3'), tensor(0.0046, device='cuda:3'), tensor(0.0046, device='cuda:3'), tensor(0.0046, device='cuda:3'), tensor(0.0046, device='cuda:3'), tensor(0.0046, device='cuda:3'), tensor(0.0046, device='cuda:3'), tensor(0.0046, device='cuda:3'), tensor(0.0046, device='cuda:3'), tensor(0.0046, device='cuda:3'), tensor(0.0046, device='cuda:3'), tensor(0.0046, device='cuda:3'), tensor(0.0046, device='cuda:3'), tensor(0.0046, device='cuda:3'), tensor(0.0046, device='cuda:3')]"
24,"[tensor(0.0046, device='cuda:3'), tensor(0.0046, device='cuda:3'), tensor(0.0046, device='cuda:3'), tensor(0.0046, device='cuda:3'), tensor(0.0046, device='cuda:3'), tensor(0.0046, device='cuda:3'), tensor(0.0046, device='cuda:3'), tensor(0.0046, device='cuda:3'), tensor(0.0046, device='cuda:3'), tensor(0.0046, device='cuda:3'), tensor(0.0046, device='cuda:3'), tensor(0.0046, device='cuda:3'), tensor(0.0046, device='cuda:3'), tensor(0.0046, device='cuda:3'), tensor(0.0046, device='cuda:3'), tensor(0.0046, device='cuda:3'), tensor(0.0046, device='cuda:3'), tensor(0.0046, device='cuda:3'), tensor(0.0046, device='cuda:3'), tensor(0.0046, device='cuda:3')]"
25,"[tensor(0.0046, device='cuda:3'), tensor(0.0046, device='cuda:3'), tensor(0.0046, device='cuda:3'), tensor(0.0046, device='cuda:3'), tensor(0.0046, device='cuda:3'), tensor(0.0046, device='cuda:3'), tensor(0.0046, device='cuda:3'), tensor(0.0046, device='cuda:3'), tensor(0.0046, device='cuda:3'), tensor(0.0046, device='cuda:3'), tensor(0.0046, device='cuda:3'), tensor(0.0046, device='cuda:3'), tensor(0.0046, device='cuda:3'), tensor(0.0046, device='cuda:3'), tensor(0.0046, device='cuda:3'), tensor(0.0046, device='cuda:3'), tensor(0.0046, device='cuda:3'), tensor(0.0046, device='cuda:3'), tensor(0.0046, device='cuda:3'), tensor(0.0046, device='cuda:3')]"
26,"[tensor(0.0046, device='cuda:3'), tensor(0.0046, device='cuda:3'), tensor(0.0046, device='cuda:3'), tensor(0.0046, device='cuda:3'), tensor(0.0046, device='cuda:3'), tensor(0.0046, device='cuda:3'), tensor(0.0046, device='cuda:3'), tensor(0.0046, device='cuda:3'), tensor(0.0046, device='cuda:3'), tensor(0.0046, device='cuda:3'), tensor(0.0046, device='cuda:3'), tensor(0.0046, device='cuda:3'), tensor(0.0046, device='cuda:3'), tensor(0.0046, device='cuda:3'), tensor(0.0046, device='cuda:3'), tensor(0.0046, device='cuda:3'), tensor(0.0046, device='cuda:3'), tensor(0.0046, device='cuda:3'), tensor(0.0046, device='cuda:3'), tensor(0.0046, device='cuda:3')]"
27,"[tensor(0.0046, device='cuda:3'), tensor(0.0046, device='cuda:3'), tensor(0.0046, device='cuda:3'), tensor(0.0046, device='cuda:3'), tensor(0.0046, device='cuda:3'), tensor(0.0046, device='cuda:3'), tensor(0.0046, device='cuda:3'), tensor(0.0046, device='cuda:3'), tensor(0.0046, device='cuda:3'), tensor(0.0046, device='cuda:3'), tensor(0.0046, device='cuda:3'), tensor(0.0046, device='cuda:3'), tensor(0.0046, device='cuda:3'), tensor(0.0046, device='cuda:3'), tensor(0.0046, device='cuda:3'), tensor(0.0046, device='cuda:3'), tensor(0.0046, device='cuda:3'), tensor(0.0046, device='cuda:3'), tensor(0.0046, device='cuda:3'), tensor(0.0046, device='cuda:3')]"
28,"[tensor(0.0046, device='cuda:3'), tensor(0.0046, device='cuda:3'), tensor(0.0046, device='cuda:3'), tensor(0.0046, device='cuda:3'), tensor(0.0046, device='cuda:3'), tensor(0.0046, device='cuda:3'), tensor(0.0046, device='cuda:3'), tensor(0.0046, device='cuda:3'), tensor(0.0046, device='cuda:3'), tensor(0.0046, device='cuda:3'), tensor(0.0046, device='cuda:3'), tensor(0.0046, device='cuda:3'), tensor(0.0046, device='cuda:3'), tensor(0.0046, device='cuda:3'), tensor(0.0046, device='cuda:3'), tensor(0.0046, device='cuda:3'), tensor(0.0046, device='cuda:3'), tensor(0.0046, device='cuda:3'), tensor(0.0046, device='cuda:3'), tensor(0.0046, device='cuda:3')]"
29,"[tensor(0.0046, device='cuda:3'), tensor(0.0046, device='cuda:3'), tensor(0.0046, device='cuda:3'), tensor(0.0046, device='cuda:3'), tensor(0.0046, device='cuda:3'), tensor(0.0046, device='cuda:3'), tensor(0.0046, device='cuda:3'), tensor(0.0046, device='cuda:3'), tensor(0.0046, device='cuda:3'), tensor(0.0046, device='cuda:3'), tensor(0.0046, device='cuda:3'), tensor(0.0046, device='cuda:3'), tensor(0.0046, device='cuda:3'), tensor(0.0046, device='cuda:3'), tensor(0.0046, device='cuda:3'), tensor(0.0046, device='cuda:3'), tensor(0.0046, device='cuda:3'), tensor(0.0046, device='cuda:3'), tensor(0.0046, device='cuda:3'), tensor(0.0046, device='cuda:3')]"
30,"[tensor(0.0046, device='cuda:3'), tensor(0.0046, device='cuda:3'), tensor(0.0046, device='cuda:3'), tensor(0.0046, device='cuda:3'), tensor(0.0046, device='cuda:3'), tensor(0.0046, device='cuda:3'), tensor(0.0046, device='cuda:3'), tensor(0.0046, device='cuda:3'), tensor(0.0046, device='cuda:3'), tensor(0.0046, device='cuda:3'), tensor(0.0046, device='cuda:3'), tensor(0.0046, device='cuda:3'), tensor(0.0046, device='cuda:3'), tensor(0.0046, device='cuda:3'), tensor(0.0046, device='cuda:3'), tensor(0.0046, device='cuda:3'), tensor(0.0046, device='cuda:3'), tensor(0.0046, device='cuda:3'), tensor(0.0046, device='cuda:3'), tensor(0.0046, device='cuda:3')]"
31,"[tensor(0.0046, device='cuda:3'), tensor(0.0046, device='cuda:3'), tensor(0.0046, device='cuda:3'), tensor(0.0046, device='cuda:3'), tensor(0.0046, device='cuda:3'), tensor(0.0046, device='cuda:3'), tensor(0.0046, device='cuda:3'), tensor(0.0046, device='cuda:3'), tensor(0.0046, device='cuda:3'), tensor(0.0046, device='cuda:3'), tensor(0.0046, device='cuda:3'), tensor(0.0046, device='cuda:3'), tensor(0.0046, device='cuda:3'), tensor(0.0046, device='cuda:3'), tensor(0.0046, device='cuda:3'), tensor(0.0046, device='cuda:3'), tensor(0.0046, device='cuda:3'), tensor(0.0046, device='cuda:3'), tensor(0.0046, device='cuda:3'), tensor(0.0046, device='cuda:3')]"
32,"[tensor(0.0046, device='cuda:3'), tensor(0.0046, device='cuda:3'), tensor(0.0046, device='cuda:3'), tensor(0.0046, device='cuda:3'), tensor(0.0046, device='cuda:3'), tensor(0.0046, device='cuda:3'), tensor(0.0046, device='cuda:3'), tensor(0.0046, device='cuda:3'), tensor(0.0046, device='cuda:3'), tensor(0.0046, device='cuda:3'), tensor(0.0046, device='cuda:3'), tensor(0.0046, device='cuda:3'), tensor(0.0046, device='cuda:3'), tensor(0.0046, device='cuda:3'), tensor(0.0046, device='cuda:3'), tensor(0.0046, device='cuda:3'), tensor(0.0046, device='cuda:3'), tensor(0.0046, device='cuda:3'), tensor(0.0046, device='cuda:3'), tensor(0.0046, device='cuda:3')]"
33,"[tensor(0.0046, device='cuda:3'), tensor(0.0046, device='cuda:3'), tensor(0.0046, device='cuda:3'), tensor(0.0046, device='cuda:3'), tensor(0.0046, device='cuda:3'), tensor(0.0046, device='cuda:3'), tensor(0.0046, device='cuda:3'), tensor(0.0046, device='cuda:3'), tensor(0.0046, device='cuda:3'), tensor(0.0046, device='cuda:3'), tensor(0.0046, device='cuda:3'), tensor(0.0046, device='cuda:3'), tensor(0.0046, device='cuda:3'), tensor(0.0046, device='cuda:3'), tensor(0.0046, device='cuda:3'), tensor(0.0046, device='cuda:3'), tensor(0.0046, device='cuda:3'), tensor(0.0046, device='cuda:3'), tensor(0.0046, device='cuda:3'), tensor(0.0046, device='cuda:3')]"
34,"[tensor(0.0046, device='cuda:3'), tensor(0.0046, device='cuda:3'), tensor(0.0046, device='cuda:3'), tensor(0.0046, device='cuda:3'), tensor(0.0046, device='cuda:3'), tensor(0.0046, device='cuda:3'), tensor(0.0046, device='cuda:3'), tensor(0.0046, device='cuda:3'), tensor(0.0046, device='cuda:3'), tensor(0.0046, device='cuda:3'), tensor(0.0046, device='cuda:3'), tensor(0.0046, device='cuda:3'), tensor(0.0046, device='cuda:3'), tensor(0.0046, device='cuda:3'), tensor(0.0046, device='cuda:3'), tensor(0.0046, device='cuda:3'), tensor(0.0046, device='cuda:3'), tensor(0.0046, device='cuda:3'), tensor(0.0046, device='cuda:3'), tensor(0.0046, device='cuda:3')]"
35,"[tensor(0.0046, device='cuda:3'), tensor(0.0046, device='cuda:3'), tensor(0.0046, device='cuda:3'), tensor(0.0046, device='cuda:3'), tensor(0.0046, device='cuda:3'), tensor(0.0046, device='cuda:3'), tensor(0.0046, device='cuda:3'), tensor(0.0046, device='cuda:3'), tensor(0.0046, device='cuda:3'), tensor(0.0046, device='cuda:3'), tensor(0.0046, device='cuda:3'), tensor(0.0046, device='cuda:3'), tensor(0.0046, device='cuda:3'), tensor(0.0046, device='cuda:3'), tensor(0.0046, device='cuda:3'), tensor(0.0046, device='cuda:3'), tensor(0.0046, device='cuda:3'), tensor(0.0046, device='cuda:3'), tensor(0.0046, device='cuda:3'), tensor(0.0046, device='cuda:3')]"
36,"[tensor(0.0046, device='cuda:3'), tensor(0.0046, device='cuda:3'), tensor(0.0046, device='cuda:3'), tensor(0.0046, device='cuda:3'), tensor(0.0046, device='cuda:3'), tensor(0.0046, device='cuda:3'), tensor(0.0046, device='cuda:3'), tensor(0.0046, device='cuda:3'), tensor(0.0046, device='cuda:3'), tensor(0.0046, device='cuda:3'), tensor(0.0046, device='cuda:3'), tensor(0.0046, device='cuda:3'), tensor(0.0046, device='cuda:3'), tensor(0.0046, device='cuda:3'), tensor(0.0046, device='cuda:3'), tensor(0.0046, device='cuda:3'), tensor(0.0046, device='cuda:3'), tensor(0.0046, device='cuda:3'), tensor(0.0046, device='cuda:3'), tensor(0.0046, device='cuda:3')]"
37,"[tensor(0.0046, device='cuda:3'), tensor(0.0046, device='cuda:3'), tensor(0.0046, device='cuda:3'), tensor(0.0046, device='cuda:3'), tensor(0.0046, device='cuda:3'), tensor(0.0046, device='cuda:3'), tensor(0.0046, device='cuda:3'), tensor(0.0046, device='cuda:3'), tensor(0.0046, device='cuda:3'), tensor(0.0046, device='cuda:3'), tensor(0.0046, device='cuda:3'), tensor(0.0046, device='cuda:3'), tensor(0.0046, device='cuda:3'), tensor(0.0046, device='cuda:3'), tensor(0.0046, device='cuda:3'), tensor(0.0046, device='cuda:3'), tensor(0.0046, device='cuda:3'), tensor(0.0046, device='cuda:3'), tensor(0.0046, device='cuda:3'), tensor(0.0046, device='cuda:3')]"
38,"[tensor(0.0046, device='cuda:3'), tensor(0.0046, device='cuda:3'), tensor(0.0046, device='cuda:3'), tensor(0.0046, device='cuda:3'), tensor(0.0046, device='cuda:3'), tensor(0.0046, device='cuda:3'), tensor(0.0046, device='cuda:3'), tensor(0.0046, device='cuda:3'), tensor(0.0046, device='cuda:3'), tensor(0.0046, device='cuda:3'), tensor(0.0046, device='cuda:3'), tensor(0.0046, device='cuda:3'), tensor(0.0046, device='cuda:3'), tensor(0.0046, device='cuda:3'), tensor(0.0046, device='cuda:3'), tensor(0.0046, device='cuda:3'), tensor(0.0046, device='cuda:3'), tensor(0.0046, device='cuda:3'), tensor(0.0046, device='cuda:3'), tensor(0.0046, device='cuda:3')]"
39,"[tensor(0.0046, device='cuda:3'), tensor(0.0046, device='cuda:3'), tensor(0.0046, device='cuda:3'), tensor(0.0046, device='cuda:3'), tensor(0.0046, device='cuda:3'), tensor(0.0046, device='cuda:3'), tensor(0.0046, device='cuda:3'), tensor(0.0046, device='cuda:3'), tensor(0.0046, device='cuda:3'), tensor(0.0046, device='cuda:3'), tensor(0.0046, device='cuda:3'), tensor(0.0046, device='cuda:3'), tensor(0.0046, device='cuda:3'), tensor(0.0046, device='cuda:3'), tensor(0.0046, device='cuda:3'), tensor(0.0046, device='cuda:3'), tensor(0.0046, device='cuda:3'), tensor(0.0046, device='cuda:3'), tensor(0.0046, device='cuda:3'), tensor(0.0046, device='cuda:3')]"
40,"[tensor(0.0046, device='cuda:3'), tensor(0.0046, device='cuda:3'), tensor(0.0046, device='cuda:3'), tensor(0.0046, device='cuda:3'), tensor(0.0046, device='cuda:3'), tensor(0.0046, device='cuda:3'), tensor(0.0046, device='cuda:3'), tensor(0.0046, device='cuda:3'), tensor(0.0046, device='cuda:3'), tensor(0.0046, device='cuda:3'), tensor(0.0046, device='cuda:3'), tensor(0.0046, device='cuda:3'), tensor(0.0046, device='cuda:3'), tensor(0.0046, device='cuda:3'), tensor(0.0046, device='cuda:3'), tensor(0.0046, device='cuda:3'), tensor(0.0046, device='cuda:3'), tensor(0.0046, device='cuda:3'), tensor(0.0046, device='cuda:3'), tensor(0.0046, device='cuda:3')]"
41,"[tensor(0.0046, device='cuda:3'), tensor(0.0046, device='cuda:3'), tensor(0.0046, device='cuda:3'), tensor(0.0046, device='cuda:3'), tensor(0.0046, device='cuda:3'), tensor(0.0046, device='cuda:3'), tensor(0.0046, device='cuda:3'), tensor(0.0046, device='cuda:3'), tensor(0.0046, device='cuda:3'), tensor(0.0046, device='cuda:3'), tensor(0.0046, device='cuda:3'), tensor(0.0046, device='cuda:3'), tensor(0.0046, device='cuda:3'), tensor(0.0046, device='cuda:3'), tensor(0.0046, device='cuda:3'), tensor(0.0046, device='cuda:3'), tensor(0.0046, device='cuda:3'), tensor(0.0046, device='cuda:3'), tensor(0.0046, device='cuda:3'), tensor(0.0046, device='cuda:3')]"
42,"[tensor(0.0045, device='cuda:3'), tensor(0.0046, device='cuda:3'), tensor(0.0046, device='cuda:3'), tensor(0.0046, device='cuda:3'), tensor(0.0046, device='cuda:3'), tensor(0.0046, device='cuda:3'), tensor(0.0046, device='cuda:3'), tensor(0.0046, device='cuda:3'), tensor(0.0046, device='cuda:3'), tensor(0.0046, device='cuda:3'), tensor(0.0046, device='cuda:3'), tensor(0.0046, device='cuda:3'), tensor(0.0046, device='cuda:3'), tensor(0.0046, device='cuda:3'), tensor(0.0046, device='cuda:3'), tensor(0.0046, device='cuda:3'), tensor(0.0046, device='cuda:3'), tensor(0.0046, device='cuda:3'), tensor(0.0046, device='cuda:3'), tensor(0.0046, device='cuda:3')]"
43,"[tensor(0.0045, device='cuda:3'), tensor(0.0046, device='cuda:3'), tensor(0.0046, device='cuda:3'), tensor(0.0046, device='cuda:3'), tensor(0.0045, device='cuda:3'), tensor(0.0046, device='cuda:3'), tensor(0.0045, device='cuda:3'), tensor(0.0045, device='cuda:3'), tensor(0.0045, device='cuda:3'), tensor(0.0046, device='cuda:3'), tensor(0.0046, device='cuda:3'), tensor(0.0046, device='cuda:3'), tensor(0.0046, device='cuda:3'), tensor(0.0046, device='cuda:3'), tensor(0.0045, device='cuda:3'), tensor(0.0046, device='cuda:3'), tensor(0.0046, device='cuda:3'), tensor(0.0046, device='cuda:3'), tensor(0.0046, device='cuda:3'), tensor(0.0046, device='cuda:3')]"
44,"[tensor(0.0045, device='cuda:3'), tensor(0.0046, device='cuda:3'), tensor(0.0045, device='cuda:3'), tensor(0.0046, device='cuda:3'), tensor(0.0046, device='cuda:3'), tensor(0.0045, device='cuda:3'), tensor(0.0046, device='cuda:3'), tensor(0.0046, device='cuda:3'), tensor(0.0046, device='cuda:3'), tensor(0.0045, device='cuda:3'), tensor(0.0046, device='cuda:3'), tensor(0.0045, device='cuda:3'), tensor(0.0046, device='cuda:3'), tensor(0.0045, device='cuda:3'), tensor(0.0045, device='cuda:3'), tensor(0.0045, device='cuda:3'), tensor(0.0046, device='cuda:3'), tensor(0.0046, device='cuda:3'), tensor(0.0046, device='cuda:3'), tensor(0.0046, device='cuda:3')]"
45,"[tensor(0.0045, device='cuda:3'), tensor(0.0046, device='cuda:3'), tensor(0.0046, device='cuda:3'), tensor(0.0045, device='cuda:3'), tensor(0.0045, device='cuda:3'), tensor(0.0045, device='cuda:3'), tensor(0.0045, device='cuda:3'), tensor(0.0045, device='cuda:3'), tensor(0.0045, device='cuda:3'), tensor(0.0046, device='cuda:3'), tensor(0.0045, device='cuda:3'), tensor(0.0046, device='cuda:3'), tensor(0.0045, device='cuda:3'), tensor(0.0046, device='cuda:3'), tensor(0.0045, device='cuda:3'), tensor(0.0045, device='cuda:3'), tensor(0.0045, device='cuda:3'), tensor(0.0046, device='cuda:3'), tensor(0.0045, device='cuda:3'), tensor(0.0046, device='cuda:3')]"
46,"[tensor(0.0045, device='cuda:3'), tensor(0.0046, device='cuda:3'), tensor(0.0045, device='cuda:3'), tensor(0.0045, device='cuda:3'), tensor(0.0045, device='cuda:3'), tensor(0.0045, device='cuda:3'), tensor(0.0045, device='cuda:3'), tensor(0.0046, device='cuda:3'), tensor(0.0045, device='cuda:3'), tensor(0.0045, device='cuda:3'), tensor(0.0045, device='cuda:3'), tensor(0.0045, device='cuda:3'), tensor(0.0045, device='cuda:3'), tensor(0.0045, device='cuda:3'), tensor(0.0045, device='cuda:3'), tensor(0.0045, device='cuda:3'), tensor(0.0046, device='cuda:3'), tensor(0.0045, device='cuda:3'), tensor(0.0045, device='cuda:3'), tensor(0.0045, device='cuda:3')]"
47,"[tensor(0.0045, device='cuda:3'), tensor(0.0046, device='cuda:3'), tensor(0.0045, device='cuda:3'), tensor(0.0045, device='cuda:3'), tensor(0.0045, device='cuda:3'), tensor(0.0045, device='cuda:3'), tensor(0.0045, device='cuda:3'), tensor(0.0045, device='cuda:3'), tensor(0.0045, device='cuda:3'), tensor(0.0046, device='cuda:3'), tensor(0.0045, device='cuda:3'), tensor(0.0045, device='cuda:3'), tensor(0.0045, device='cuda:3'), tensor(0.0045, device='cuda:3'), tensor(0.0045, device='cuda:3'), tensor(0.0045, device='cuda:3'), tensor(0.0045, device='cuda:3'), tensor(0.0045, device='cuda:3'), tensor(0.0045, device='cuda:3'), tensor(0.0046, device='cuda:3')]"
48,"[tensor(0.0045, device='cuda:3'), tensor(0.0046, device='cuda:3'), tensor(0.0045, device='cuda:3'), tensor(0.0045, device='cuda:3'), tensor(0.0045, device='cuda:3'), tensor(0.0045, device='cuda:3'), tensor(0.0045, device='cuda:3'), tensor(0.0045, device='cuda:3'), tensor(0.0045, device='cuda:3'), tensor(0.0045, device='cuda:3'), tensor(0.0045, device='cuda:3'), tensor(0.0045, device='cuda:3'), tensor(0.0045, device='cuda:3'), tensor(0.0045, device='cuda:3'), tensor(0.0045, device='cuda:3'), tensor(0.0045, device='cuda:3'), tensor(0.0045, device='cuda:3'), tensor(0.0045, device='cuda:3'), tensor(0.0045, device='cuda:3'), tensor(0.0045, device='cuda:3')]"
49,"[tensor(0.0045, device='cuda:3'), tensor(0.0046, device='cuda:3'), tensor(0.0045, device='cuda:3'), tensor(0.0045, device='cuda:3'), tensor(0.0045, device='cuda:3'), tensor(0.0045, device='cuda:3'), tensor(0.0045, device='cuda:3'), tensor(0.0045, device='cuda:3'), tensor(0.0045, device='cuda:3'), tensor(0.0045, device='cuda:3'), tensor(0.0045, device='cuda:3'), tensor(0.0045, device='cuda:3'), tensor(0.0045, device='cuda:3'), tensor(0.0045, device='cuda:3'), tensor(0.0045, device='cuda:3'), tensor(0.0045, device='cuda:3'), tensor(0.0045, device='cuda:3'), tensor(0.0045, device='cuda:3'), tensor(0.0045, device='cuda:3'), tensor(0.0045, device='cuda:3')]"
50,"[tensor(0.0045, device='cuda:3'), tensor(0.0045, device='cuda:3'), tensor(0.0045, device='cuda:3'), tensor(0.0045, device='cuda:3'), tensor(0.0045, device='cuda:3'), tensor(0.0045, device='cuda:3'), tensor(0.0045, device='cuda:3'), tensor(0.0045, device='cuda:3'), tensor(0.0045, device='cuda:3'), tensor(0.0045, device='cuda:3'), tensor(0.0045, device='cuda:3'), tensor(0.0045, device='cuda:3'), tensor(0.0045, device='cuda:3'), tensor(0.0045, device='cuda:3'), tensor(0.0045, device='cuda:3'), tensor(0.0045, device='cuda:3'), tensor(0.0045, device='cuda:3'), tensor(0.0045, device='cuda:3'), tensor(0.0045, device='cuda:3'), tensor(0.0045, device='cuda:3')]"
51,"[tensor(0.0045, device='cuda:3'), tensor(0.0046, device='cuda:3'), tensor(0.0045, device='cuda:3'), tensor(0.0045, device='cuda:3'), tensor(0.0045, device='cuda:3'), tensor(0.0045, device='cuda:3'), tensor(0.0045, device='cuda:3'), tensor(0.0045, device='cuda:3'), tensor(0.0045, device='cuda:3'), tensor(0.0045, device='cuda:3'), tensor(0.0045, device='cuda:3'), tensor(0.0045, device='cuda:3'), tensor(0.0045, device='cuda:3'), tensor(0.0045, device='cuda:3'), tensor(0.0045, device='cuda:3'), tensor(0.0045, device='cuda:3'), tensor(0.0045, device='cuda:3'), tensor(0.0045, device='cuda:3'), tensor(0.0045, device='cuda:3'), tensor(0.0045, device='cuda:3')]"
52,"[tensor(0.0045, device='cuda:3'), tensor(0.0045, device='cuda:3'), tensor(0.0045, device='cuda:3'), tensor(0.0045, device='cuda:3'), tensor(0.0045, device='cuda:3'), tensor(0.0045, device='cuda:3'), tensor(0.0045, device='cuda:3'), tensor(0.0045, device='cuda:3'), tensor(0.0045, device='cuda:3'), tensor(0.0045, device='cuda:3'), tensor(0.0045, device='cuda:3'), tensor(0.0045, device='cuda:3'), tensor(0.0045, device='cuda:3'), tensor(0.0045, device='cuda:3'), tensor(0.0045, device='cuda:3'), tensor(0.0045, device='cuda:3'), tensor(0.0045, device='cuda:3'), tensor(0.0045, device='cuda:3'), tensor(0.0045, device='cuda:3'), tensor(0.0045, device='cuda:3')]"
53,"[tensor(0.0045, device='cuda:3'), tensor(0.0045, device='cuda:3'), tensor(0.0045, device='cuda:3'), tensor(0.0045, device='cuda:3'), tensor(0.0044, device='cuda:3'), tensor(0.0045, device='cuda:3'), tensor(0.0045, device='cuda:3'), tensor(0.0045, device='cuda:3'), tensor(0.0045, device='cuda:3'), tensor(0.0045, device='cuda:3'), tensor(0.0045, device='cuda:3'), tensor(0.0045, device='cuda:3'), tensor(0.0045, device='cuda:3'), tensor(0.0045, device='cuda:3'), tensor(0.0045, device='cuda:3'), tensor(0.0045, device='cuda:3'), tensor(0.0045, device='cuda:3'), tensor(0.0045, device='cuda:3'), tensor(0.0045, device='cuda:3'), tensor(0.0045, device='cuda:3')]"
54,"[tensor(0.0044, device='cuda:3'), tensor(0.0045, device='cuda:3'), tensor(0.0045, device='cuda:3'), tensor(0.0045, device='cuda:3'), tensor(0.0045, device='cuda:3'), tensor(0.0045, device='cuda:3'), tensor(0.0045, device='cuda:3'), tensor(0.0045, device='cuda:3'), tensor(0.0045, device='cuda:3'), tensor(0.0045, device='cuda:3'), tensor(0.0045, device='cuda:3'), tensor(0.0045, device='cuda:3'), tensor(0.0045, device='cuda:3'), tensor(0.0045, device='cuda:3'), tensor(0.0045, device='cuda:3'), tensor(0.0045, device='cuda:3'), tensor(0.0045, device='cuda:3'), tensor(0.0045, device='cuda:3'), tensor(0.0045, device='cuda:3'), tensor(0.0045, device='cuda:3')]"
55,"[tensor(0.0045, device='cuda:3'), tensor(0.0045, device='cuda:3'), tensor(0.0045, device='cuda:3'), tensor(0.0045, device='cuda:3'), tensor(0.0044, device='cuda:3'), tensor(0.0045, device='cuda:3'), tensor(0.0045, device='cuda:3'), tensor(0.0045, device='cuda:3'), tensor(0.0045, device='cuda:3'), tensor(0.0045, device='cuda:3'), tensor(0.0045, device='cuda:3'), tensor(0.0045, device='cuda:3'), tensor(0.0045, device='cuda:3'), tensor(0.0045, device='cuda:3'), tensor(0.0045, device='cuda:3'), tensor(0.0045, device='cuda:3'), tensor(0.0045, device='cuda:3'), tensor(0.0045, device='cuda:3'), tensor(0.0045, device='cuda:3'), tensor(0.0045, device='cuda:3')]"
56,"[tensor(0.0044, device='cuda:3'), tensor(0.0045, device='cuda:3'), tensor(0.0045, device='cuda:3'), tensor(0.0045, device='cuda:3'), tensor(0.0045, device='cuda:3'), tensor(0.0045, device='cuda:3'), tensor(0.0045, device='cuda:3'), tensor(0.0045, device='cuda:3'), tensor(0.0045, device='cuda:3'), tensor(0.0045, device='cuda:3'), tensor(0.0045, device='cuda:3'), tensor(0.0045, device='cuda:3'), tensor(0.0045, device='cuda:3'), tensor(0.0045, device='cuda:3'), tensor(0.0045, device='cuda:3'), tensor(0.0045, device='cuda:3'), tensor(0.0045, device='cuda:3'), tensor(0.0045, device='cuda:3'), tensor(0.0045, device='cuda:3'), tensor(0.0045, device='cuda:3')]"
57,"[tensor(0.0045, device='cuda:3'), tensor(0.0045, device='cuda:3'), tensor(0.0045, device='cuda:3'), tensor(0.0045, device='cuda:3'), tensor(0.0044, device='cuda:3'), tensor(0.0045, device='cuda:3'), tensor(0.0045, device='cuda:3'), tensor(0.0044, device='cuda:3'), tensor(0.0045, device='cuda:3'), tensor(0.0045, device='cuda:3'), tensor(0.0045, device='cuda:3'), tensor(0.0045, device='cuda:3'), tensor(0.0045, device='cuda:3'), tensor(0.0045, device='cuda:3'), tensor(0.0045, device='cuda:3'), tensor(0.0045, device='cuda:3'), tensor(0.0045, device='cuda:3'), tensor(0.0045, device='cuda:3'), tensor(0.0045, device='cuda:3'), tensor(0.0045, device='cuda:3')]"
58,"[tensor(0.0044, device='cuda:3'), tensor(0.0045, device='cuda:3'), tensor(0.0044, device='cuda:3'), tensor(0.0045, device='cuda:3'), tensor(0.0045, device='cuda:3'), tensor(0.0045, device='cuda:3'), tensor(0.0045, device='cuda:3'), tensor(0.0045, device='cuda:3'), tensor(0.0045, device='cuda:3'), tensor(0.0045, device='cuda:3'), tensor(0.0045, device='cuda:3'), tensor(0.0045, device='cuda:3'), tensor(0.0045, device='cuda:3'), tensor(0.0045, device='cuda:3'), tensor(0.0045, device='cuda:3'), tensor(0.0044, device='cuda:3'), tensor(0.0045, device='cuda:3'), tensor(0.0045, device='cuda:3'), tensor(0.0045, device='cuda:3'), tensor(0.0045, device='cuda:3')]"
59,"[tensor(0.0045, device='cuda:3'), tensor(0.0045, device='cuda:3'), tensor(0.0045, device='cuda:3'), tensor(0.0045, device='cuda:3'), tensor(0.0044, device='cuda:3'), tensor(0.0045, device='cuda:3'), tensor(0.0044, device='cuda:3'), tensor(0.0044, device='cuda:3'), tensor(0.0045, device='cuda:3'), tensor(0.0045, device='cuda:3'), tensor(0.0045, device='cuda:3'), tensor(0.0045, device='cuda:3'), tensor(0.0045, device='cuda:3'), tensor(0.0045, device='cuda:3'), tensor(0.0045, device='cuda:3'), tensor(0.0045, device='cuda:3'), tensor(0.0045, device='cuda:3'), tensor(0.0045, device='cuda:3'), tensor(0.0045, device='cuda:3'), tensor(0.0045, device='cuda:3')]"
60,"[tensor(0.0044, device='cuda:3'), tensor(0.0045, device='cuda:3'), tensor(0.0044, device='cuda:3'), tensor(0.0045, device='cuda:3'), tensor(0.0045, device='cuda:3'), tensor(0.0045, device='cuda:3'), tensor(0.0045, device='cuda:3'), tensor(0.0045, device='cuda:3'), tensor(0.0045, device='cuda:3'), tensor(0.0044, device='cuda:3'), tensor(0.0045, device='cuda:3'), tensor(0.0044, device='cuda:3'), tensor(0.0045, device='cuda:3'), tensor(0.0045, device='cuda:3'), tensor(0.0045, device='cuda:3'), tensor(0.0044, device='cuda:3'), tensor(0.0045, device='cuda:3'), tensor(0.0044, device='cuda:3'), tensor(0.0045, device='cuda:3'), tensor(0.0045, device='cuda:3')]"
61,"[tensor(0.0045, device='cuda:3'), tensor(0.0045, device='cuda:3'), tensor(0.0045, device='cuda:3'), tensor(0.0045, device='cuda:3'), tensor(0.0044, device='cuda:3'), tensor(0.0044, device='cuda:3'), tensor(0.0044, device='cuda:3'), tensor(0.0044, device='cuda:3'), tensor(0.0044, device='cuda:3'), tensor(0.0045, device='cuda:3'), tensor(0.0044, device='cuda:3'), tensor(0.0045, device='cuda:3'), tensor(0.0044, device='cuda:3'), tensor(0.0044, device='cuda:3'), tensor(0.0044, device='cuda:3'), tensor(0.0045, device='cuda:3'), tensor(0.0044, device='cuda:3'), tensor(0.0045, device='cuda:3'), tensor(0.0044, device='cuda:3'), tensor(0.0045, device='cuda:3')]"
62,"[tensor(0.0044, device='cuda:3'), tensor(0.0045, device='cuda:3'), tensor(0.0044, device='cuda:3'), tensor(0.0045, device='cuda:3'), tensor(0.0045, device='cuda:3'), tensor(0.0045, device='cuda:3'), tensor(0.0045, device='cuda:3'), tensor(0.0045, device='cuda:3'), tensor(0.0045, device='cuda:3'), tensor(0.0044, device='cuda:3'), tensor(0.0045, device='cuda:3'), tensor(0.0044, device='cuda:3'), tensor(0.0045, device='cuda:3'), tensor(0.0044, device='cuda:3'), tensor(0.0045, device='cuda:3'), tensor(0.0044, device='cuda:3'), tensor(0.0045, device='cuda:3'), tensor(0.0044, device='cuda:3'), tensor(0.0045, device='cuda:3'), tensor(0.0044, device='cuda:3')]"
63,"[tensor(0.0045, device='cuda:3'), tensor(0.0045, device='cuda:3'), tensor(0.0045, device='cuda:3'), tensor(0.0045, device='cuda:3'), tensor(0.0044, device='cuda:3'), tensor(0.0044, device='cuda:3'), tensor(0.0044, device='cuda:3'), tensor(0.0044, device='cuda:3'), tensor(0.0044, device='cuda:3'), tensor(0.0045, device='cuda:3'), tensor(0.0044, device='cuda:3'), tensor(0.0045, device='cuda:3'), tensor(0.0044, device='cuda:3'), tensor(0.0044, device='cuda:3'), tensor(0.0044, device='cuda:3'), tensor(0.0045, device='cuda:3'), tensor(0.0044, device='cuda:3'), tensor(0.0045, device='cuda:3'), tensor(0.0044, device='cuda:3'), tensor(0.0045, device='cuda:3')]"
64,"[tensor(0.0044, device='cuda:3'), tensor(0.0045, device='cuda:3'), tensor(0.0044, device='cuda:3'), tensor(0.0044, device='cuda:3'), tensor(0.0045, device='cuda:3'), tensor(0.0045, device='cuda:3'), tensor(0.0045, device='cuda:3'), tensor(0.0045, device='cuda:3'), tensor(0.0045, device='cuda:3'), tensor(0.0044, device='cuda:3'), tensor(0.0045, device='cuda:3'), tensor(0.0044, device='cuda:3'), tensor(0.0045, device='cuda:3'), tensor(0.0044, device='cuda:3'), tensor(0.0045, device='cuda:3'), tensor(0.0044, device='cuda:3'), tensor(0.0045, device='cuda:3'), tensor(0.0044, device='cuda:3'), tensor(0.0044, device='cuda:3'), tensor(0.0044, device='cuda:3')]"
65,"[tensor(0.0044, device='cuda:3'), tensor(0.0045, device='cuda:3'), tensor(0.0045, device='cuda:3'), tensor(0.0045, device='cuda:3'), tensor(0.0044, device='cuda:3'), tensor(0.0044, device='cuda:3'), tensor(0.0044, device='cuda:3'), tensor(0.0044, device='cuda:3'), tensor(0.0044, device='cuda:3'), tensor(0.0045, device='cuda:3'), tensor(0.0044, device='cuda:3'), tensor(0.0045, device='cuda:3'), tensor(0.0044, device='cuda:3'), tensor(0.0044, device='cuda:3'), tensor(0.0044, device='cuda:3'), tensor(0.0045, device='cuda:3'), tensor(0.0044, device='cuda:3'), tensor(0.0045, device='cuda:3'), tensor(0.0044, device='cuda:3'), tensor(0.0045, device='cuda:3')]"
66,"[tensor(0.0044, device='cuda:3'), tensor(0.0045, device='cuda:3'), tensor(0.0044, device='cuda:3'), tensor(0.0044, device='cuda:3'), tensor(0.0044, device='cuda:3'), tensor(0.0045, device='cuda:3'), tensor(0.0045, device='cuda:3'), tensor(0.0045, device='cuda:3'), tensor(0.0045, device='cuda:3'), tensor(0.0044, device='cuda:3'), tensor(0.0045, device='cuda:3'), tensor(0.0044, device='cuda:3'), tensor(0.0044, device='cuda:3'), tensor(0.0044, device='cuda:3'), tensor(0.0044, device='cuda:3'), tensor(0.0044, device='cuda:3'), tensor(0.0045, device='cuda:3'), tensor(0.0044, device='cuda:3'), tensor(0.0044, device='cuda:3'), tensor(0.0044, device='cuda:3')]"
67,"[tensor(0.0044, device='cuda:3'), tensor(0.0045, device='cuda:3'), tensor(0.0045, device='cuda:3'), tensor(0.0044, device='cuda:3'), tensor(0.0044, device='cuda:3'), tensor(0.0044, device='cuda:3'), tensor(0.0044, device='cuda:3'), tensor(0.0044, device='cuda:3'), tensor(0.0044, device='cuda:3'), tensor(0.0045, device='cuda:3'), tensor(0.0044, device='cuda:3'), tensor(0.0045, device='cuda:3'), tensor(0.0044, device='cuda:3'), tensor(0.0044, device='cuda:3'), tensor(0.0044, device='cuda:3'), tensor(0.0044, device='cuda:3'), tensor(0.0044, device='cuda:3'), tensor(0.0044, device='cuda:3'), tensor(0.0044, device='cuda:3'), tensor(0.0045, device='cuda:3')]"
68,"[tensor(0.0044, device='cuda:3'), tensor(0.0045, device='cuda:3'), tensor(0.0044, device='cuda:3'), tensor(0.0044, device='cuda:3'), tensor(0.0044, device='cuda:3'), tensor(0.0044, device='cuda:3'), tensor(0.0045, device='cuda:3'), tensor(0.0045, device='cuda:3'), tensor(0.0044, device='cuda:3'), tensor(0.0044, device='cuda:3'), tensor(0.0045, device='cuda:3'), tensor(0.0044, device='cuda:3'), tensor(0.0044, device='cuda:3'), tensor(0.0044, device='cuda:3'), tensor(0.0044, device='cuda:3'), tensor(0.0044, device='cuda:3'), tensor(0.0044, device='cuda:3'), tensor(0.0044, device='cuda:3'), tensor(0.0044, device='cuda:3'), tensor(0.0044, device='cuda:3')]"
69,"[tensor(0.0044, device='cuda:3'), tensor(0.0045, device='cuda:3'), tensor(0.0044, device='cuda:3'), tensor(0.0044, device='cuda:3'), tensor(0.0044, device='cuda:3'), tensor(0.0044, device='cuda:3'), tensor(0.0044, device='cuda:3'), tensor(0.0044, device='cuda:3'), tensor(0.0044, device='cuda:3'), tensor(0.0044, device='cuda:3'), tensor(0.0044, device='cuda:3'), tensor(0.0045, device='cuda:3'), tensor(0.0044, device='cuda:3'), tensor(0.0044, device='cuda:3'), tensor(0.0044, device='cuda:3'), tensor(0.0044, device='cuda:3'), tensor(0.0044, device='cuda:3'), tensor(0.0044, device='cuda:3'), tensor(0.0044, device='cuda:3'), tensor(0.0045, device='cuda:3')]"
70,"[tensor(0.0044, device='cuda:3'), tensor(0.0044, device='cuda:3'), tensor(0.0044, device='cuda:3'), tensor(0.0044, device='cuda:3'), tensor(0.0044, device='cuda:3'), tensor(0.0044, device='cuda:3'), tensor(0.0045, device='cuda:3'), tensor(0.0044, device='cuda:3'), tensor(0.0044, device='cuda:3'), tensor(0.0044, device='cuda:3'), tensor(0.0045, device='cuda:3'), tensor(0.0044, device='cuda:3'), tensor(0.0044, device='cuda:3'), tensor(0.0044, device='cuda:3'), tensor(0.0044, device='cuda:3'), tensor(0.0044, device='cuda:3'), tensor(0.0044, device='cuda:3'), tensor(0.0044, device='cuda:3'), tensor(0.0044, device='cuda:3'), tensor(0.0044, device='cuda:3')]"
71,"[tensor(0.0044, device='cuda:3'), tensor(0.0045, device='cuda:3'), tensor(0.0044, device='cuda:3'), tensor(0.0044, device='cuda:3'), tensor(0.0044, device='cuda:3'), tensor(0.0044, device='cuda:3'), tensor(0.0044, device='cuda:3'), tensor(0.0044, device='cuda:3'), tensor(0.0044, device='cuda:3'), tensor(0.0044, device='cuda:3'), tensor(0.0044, device='cuda:3'), tensor(0.0044, device='cuda:3'), tensor(0.0044, device='cuda:3'), tensor(0.0044, device='cuda:3'), tensor(0.0044, device='cuda:3'), tensor(0.0044, device='cuda:3'), tensor(0.0044, device='cuda:3'), tensor(0.0044, device='cuda:3'), tensor(0.0044, device='cuda:3'), tensor(0.0045, device='cuda:3')]"
72,"[tensor(0.0043, device='cuda:3'), tensor(0.0044, device='cuda:3'), tensor(0.0044, device='cuda:3'), tensor(0.0044, device='cuda:3'), tensor(0.0044, device='cuda:3'), tensor(0.0044, device='cuda:3'), tensor(0.0045, device='cuda:3'), tensor(0.0044, device='cuda:3'), tensor(0.0044, device='cuda:3'), tensor(0.0044, device='cuda:3'), tensor(0.0044, device='cuda:3'), tensor(0.0044, device='cuda:3'), tensor(0.0044, device='cuda:3'), tensor(0.0044, device='cuda:3'), tensor(0.0044, device='cuda:3'), tensor(0.0044, device='cuda:3'), tensor(0.0044, device='cuda:3'), tensor(0.0044, device='cuda:3'), tensor(0.0044, device='cuda:3'), tensor(0.0044, device='cuda:3')]"
73,"[tensor(0.0044, device='cuda:3'), tensor(0.0044, device='cuda:3'), tensor(0.0044, device='cuda:3'), tensor(0.0044, device='cuda:3'), tensor(0.0044, device='cuda:3'), tensor(0.0044, device='cuda:3'), tensor(0.0044, device='cuda:3'), tensor(0.0044, device='cuda:3'), tensor(0.0044, device='cuda:3'), tensor(0.0044, device='cuda:3'), tensor(0.0044, device='cuda:3'), tensor(0.0044, device='cuda:3'), tensor(0.0044, device='cuda:3'), tensor(0.0044, device='cuda:3'), tensor(0.0044, device='cuda:3'), tensor(0.0044, device='cuda:3'), tensor(0.0044, device='cuda:3'), tensor(0.0044, device='cuda:3'), tensor(0.0044, device='cuda:3'), tensor(0.0045, device='cuda:3')]"
74,"[tensor(0.0043, device='cuda:3'), tensor(0.0044, device='cuda:3'), tensor(0.0043, device='cuda:3'), tensor(0.0044, device='cuda:3'), tensor(0.0044, device='cuda:3'), tensor(0.0044, device='cuda:3'), tensor(0.0044, device='cuda:3'), tensor(0.0044, device='cuda:3'), tensor(0.0044, device='cuda:3'), tensor(0.0044, device='cuda:3'), tensor(0.0044, device='cuda:3'), tensor(0.0044, device='cuda:3'), tensor(0.0044, device='cuda:3'), tensor(0.0044, device='cuda:3'), tensor(0.0044, device='cuda:3'), tensor(0.0044, device='cuda:3'), tensor(0.0044, device='cuda:3'), tensor(0.0044, device='cuda:3'), tensor(0.0044, device='cuda:3'), tensor(0.0044, device='cuda:3')]"
75,"[tensor(0.0044, device='cuda:3'), tensor(0.0044, device='cuda:3'), tensor(0.0044, device='cuda:3'), tensor(0.0044, device='cuda:3'), tensor(0.0043, device='cuda:3'), tensor(0.0044, device='cuda:3'), tensor(0.0044, device='cuda:3'), tensor(0.0044, device='cuda:3'), tensor(0.0044, device='cuda:3'), tensor(0.0044, device='cuda:3'), tensor(0.0044, device='cuda:3'), tensor(0.0044, device='cuda:3'), tensor(0.0044, device='cuda:3'), tensor(0.0044, device='cuda:3'), tensor(0.0044, device='cuda:3'), tensor(0.0044, device='cuda:3'), tensor(0.0044, device='cuda:3'), tensor(0.0044, device='cuda:3'), tensor(0.0044, device='cuda:3'), tensor(0.0044, device='cuda:3')]"
76,"[tensor(0.0043, device='cuda:3'), tensor(0.0044, device='cuda:3'), tensor(0.0043, device='cuda:3'), tensor(0.0044, device='cuda:3'), tensor(0.0044, device='cuda:3'), tensor(0.0044, device='cuda:3'), tensor(0.0044, device='cuda:3'), tensor(0.0044, device='cuda:3'), tensor(0.0044, device='cuda:3'), tensor(0.0043, device='cuda:3'), tensor(0.0044, device='cuda:3'), tensor(0.0044, device='cuda:3'), tensor(0.0044, device='cuda:3'), tensor(0.0044, device='cuda:3'), tensor(0.0044, device='cuda:3'), tensor(0.0043, device='cuda:3'), tensor(0.0044, device='cuda:3'), tensor(0.0044, device='cuda:3'), tensor(0.0044, device='cuda:3'), tensor(0.0044, device='cuda:3')]"
77,"[tensor(0.0044, device='cuda:3'), tensor(0.0044, device='cuda:3'), tensor(0.0044, device='cuda:3'), tensor(0.0044, device='cuda:3'), tensor(0.0043, device='cuda:3'), tensor(0.0044, device='cuda:3'), tensor(0.0044, device='cuda:3'), tensor(0.0043, device='cuda:3'), tensor(0.0044, device='cuda:3'), tensor(0.0044, device='cuda:3'), tensor(0.0044, device='cuda:3'), tensor(0.0044, device='cuda:3'), tensor(0.0044, device='cuda:3'), tensor(0.0043, device='cuda:3'), tensor(0.0044, device='cuda:3'), tensor(0.0044, device='cuda:3'), tensor(0.0044, device='cuda:3'), tensor(0.0044, device='cuda:3'), tensor(0.0044, device='cuda:3'), tensor(0.0044, device='cuda:3')]"
78,"[tensor(0.0043, device='cuda:3'), tensor(0.0044, device='cuda:3'), tensor(0.0043, device='cuda:3'), tensor(0.0044, device='cuda:3'), tensor(0.0044, device='cuda:3'), tensor(0.0044, device='cuda:3'), tensor(0.0044, device='cuda:3'), tensor(0.0044, device='cuda:3'), tensor(0.0044, device='cuda:3'), tensor(0.0043, device='cuda:3'), tensor(0.0044, device='cuda:3'), tensor(0.0044, device='cuda:3'), tensor(0.0044, device='cuda:3'), tensor(0.0044, device='cuda:3'), tensor(0.0044, device='cuda:3'), tensor(0.0043, device='cuda:3'), tensor(0.0044, device='cuda:3'), tensor(0.0044, device='cuda:3'), tensor(0.0044, device='cuda:3'), tensor(0.0044, device='cuda:3')]"
79,"[tensor(0.0044, device='cuda:3'), tensor(0.0044, device='cuda:3'), tensor(0.0044, device='cuda:3'), tensor(0.0044, device='cuda:3'), tensor(0.0043, device='cuda:3'), tensor(0.0044, device='cuda:3'), tensor(0.0043, device='cuda:3'), tensor(0.0043, device='cuda:3'), tensor(0.0044, device='cuda:3'), tensor(0.0044, device='cuda:3'), tensor(0.0044, device='cuda:3'), tensor(0.0044, device='cuda:3'), tensor(0.0044, device='cuda:3'), tensor(0.0043, device='cuda:3'), tensor(0.0044, device='cuda:3'), tensor(0.0044, device='cuda:3'), tensor(0.0044, device='cuda:3'), tensor(0.0044, device='cuda:3'), tensor(0.0044, device='cuda:3'), tensor(0.0044, device='cuda:3')]"
80,"[tensor(0.0043, device='cuda:3'), tensor(0.0044, device='cuda:3'), tensor(0.0043, device='cuda:3'), tensor(0.0044, device='cuda:3'), tensor(0.0044, device='cuda:3'), tensor(0.0044, device='cuda:3'), tensor(0.0044, device='cuda:3'), tensor(0.0044, device='cuda:3'), tensor(0.0044, device='cuda:3'), tensor(0.0043, device='cuda:3'), tensor(0.0044, device='cuda:3'), tensor(0.0044, device='cuda:3'), tensor(0.0044, device='cuda:3'), tensor(0.0044, device='cuda:3'), tensor(0.0044, device='cuda:3'), tensor(0.0043, device='cuda:3'), tensor(0.0044, device='cuda:3'), tensor(0.0044, device='cuda:3'), tensor(0.0044, device='cuda:3'), tensor(0.0044, device='cuda:3')]"
81,"[tensor(0.0044, device='cuda:3'), tensor(0.0044, device='cuda:3'), tensor(0.0044, device='cuda:3'), tensor(0.0044, device='cuda:3'), tensor(0.0043, device='cuda:3'), tensor(0.0043, device='cuda:3'), tensor(0.0043, device='cuda:3'), tensor(0.0043, device='cuda:3'), tensor(0.0043, device='cuda:3'), tensor(0.0044, device='cuda:3'), tensor(0.0043, device='cuda:3'), tensor(0.0044, device='cuda:3'), tensor(0.0044, device='cuda:3'), tensor(0.0043, device='cuda:3'), tensor(0.0043, device='cuda:3'), tensor(0.0044, device='cuda:3'), tensor(0.0044, device='cuda:3'), tensor(0.0044, device='cuda:3'), tensor(0.0044, device='cuda:3'), tensor(0.0044, device='cuda:3')]"
82,"[tensor(0.0043, device='cuda:3'), tensor(0.0044, device='cuda:3'), tensor(0.0043, device='cuda:3'), tensor(0.0044, device='cuda:3'), tensor(0.0043, device='cuda:3'), tensor(0.0044, device='cuda:3'), tensor(0.0044, device='cuda:3'), tensor(0.0044, device='cuda:3'), tensor(0.0044, device='cuda:3'), tensor(0.0043, device='cuda:3'), tensor(0.0044, device='cuda:3'), tensor(0.0043, device='cuda:3'), tensor(0.0044, device='cuda:3'), tensor(0.0044, device='cuda:3'), tensor(0.0044, device='cuda:3'), tensor(0.0043, device='cuda:3'), tensor(0.0044, device='cuda:3'), tensor(0.0044, device='cuda:3'), tensor(0.0043, device='cuda:3'), tensor(0.0044, device='cuda:3')]"
83,"[tensor(0.0044, device='cuda:3'), tensor(0.0044, device='cuda:3'), tensor(0.0044, device='cuda:3'), tensor(0.0044, device='cuda:3'), tensor(0.0043, device='cuda:3'), tensor(0.0043, device='cuda:3'), tensor(0.0043, device='cuda:3'), tensor(0.0043, device='cuda:3'), tensor(0.0043, device='cuda:3'), tensor(0.0044, device='cuda:3'), tensor(0.0043, device='cuda:3'), tensor(0.0044, device='cuda:3'), tensor(0.0043, device='cuda:3'), tensor(0.0043, device='cuda:3'), tensor(0.0043, device='cuda:3'), tensor(0.0044, device='cuda:3'), tensor(0.0043, device='cuda:3'), tensor(0.0044, device='cuda:3'), tensor(0.0044, device='cuda:3'), tensor(0.0044, device='cuda:3')]"
84,"[tensor(0.0043, device='cuda:3'), tensor(0.0044, device='cuda:3'), tensor(0.0043, device='cuda:3'), tensor(0.0044, device='cuda:3'), tensor(0.0043, device='cuda:3'), tensor(0.0044, device='cuda:3'), tensor(0.0044, device='cuda:3'), tensor(0.0044, device='cuda:3'), tensor(0.0044, device='cuda:3'), tensor(0.0043, device='cuda:3'), tensor(0.0044, device='cuda:3'), tensor(0.0043, device='cuda:3'), tensor(0.0044, device='cuda:3'), tensor(0.0043, device='cuda:3'), tensor(0.0044, device='cuda:3'), tensor(0.0043, device='cuda:3'), tensor(0.0044, device='cuda:3'), tensor(0.0044, device='cuda:3'), tensor(0.0043, device='cuda:3'), tensor(0.0044, device='cuda:3')]"
85,"[tensor(0.0043, device='cuda:3'), tensor(0.0044, device='cuda:3'), tensor(0.0044, device='cuda:3'), tensor(0.0044, device='cuda:3'), tensor(0.0043, device='cuda:3'), tensor(0.0043, device='cuda:3'), tensor(0.0043, device='cuda:3'), tensor(0.0043, device='cuda:3'), tensor(0.0043, device='cuda:3'), tensor(0.0044, device='cuda:3'), tensor(0.0043, device='cuda:3'), tensor(0.0044, device='cuda:3'), tensor(0.0043, device='cuda:3'), tensor(0.0043, device='cuda:3'), tensor(0.0043, device='cuda:3'), tensor(0.0043, device='cuda:3'), tensor(0.0043, device='cuda:3'), tensor(0.0043, device='cuda:3'), tensor(0.0044, device='cuda:3'), tensor(0.0044, device='cuda:3')]"
86,"[tensor(0.0043, device='cuda:3'), tensor(0.0044, device='cuda:3'), tensor(0.0043, device='cuda:3'), tensor(0.0044, device='cuda:3'), tensor(0.0043, device='cuda:3'), tensor(0.0043, device='cuda:3'), tensor(0.0044, device='cuda:3'), tensor(0.0044, device='cuda:3'), tensor(0.0044, device='cuda:3'), tensor(0.0043, device='cuda:3'), tensor(0.0044, device='cuda:3'), tensor(0.0043, device='cuda:3'), tensor(0.0044, device='cuda:3'), tensor(0.0043, device='cuda:3'), tensor(0.0043, device='cuda:3'), tensor(0.0043, device='cuda:3'), tensor(0.0044, device='cuda:3'), tensor(0.0044, device='cuda:3'), tensor(0.0043, device='cuda:3'), tensor(0.0043, device='cuda:3')]"
87,"[tensor(0.0043, device='cuda:3'), tensor(0.0044, device='cuda:3'), tensor(0.0043, device='cuda:3'), tensor(0.0044, device='cuda:3'), tensor(0.0043, device='cuda:3'), tensor(0.0043, device='cuda:3'), tensor(0.0043, device='cuda:3'), tensor(0.0043, device='cuda:3'), tensor(0.0043, device='cuda:3'), tensor(0.0043, device='cuda:3'), tensor(0.0043, device='cuda:3'), tensor(0.0044, device='cuda:3'), tensor(0.0043, device='cuda:3'), tensor(0.0043, device='cuda:3'), tensor(0.0043, device='cuda:3'), tensor(0.0043, device='cuda:3'), tensor(0.0043, device='cuda:3'), tensor(0.0043, device='cuda:3'), tensor(0.0043, device='cuda:3'), tensor(0.0044, device='cuda:3')]"
88,"[tensor(0.0043, device='cuda:3'), tensor(0.0043, device='cuda:3'), tensor(0.0043, device='cuda:3'), tensor(0.0043, device='cuda:3'), tensor(0.0043, device='cuda:3'), tensor(0.0043, device='cuda:3'), tensor(0.0044, device='cuda:3'), tensor(0.0044, device='cuda:3'), tensor(0.0043, device='cuda:3'), tensor(0.0043, device='cuda:3'), tensor(0.0044, device='cuda:3'), tensor(0.0043, device='cuda:3'), tensor(0.0043, device='cuda:3'), tensor(0.0043, device='cuda:3'), tensor(0.0043, device='cuda:3'), tensor(0.0043, device='cuda:3'), tensor(0.0044, device='cuda:3'), tensor(0.0043, device='cuda:3'), tensor(0.0043, device='cuda:3'), tensor(0.0043, device='cuda:3')]"
89,"[tensor(0.0043, device='cuda:3'), tensor(0.0044, device='cuda:3'), tensor(0.0043, device='cuda:3'), tensor(0.0043, device='cuda:3'), tensor(0.0043, device='cuda:3'), tensor(0.0043, device='cuda:3'), tensor(0.0043, device='cuda:3'), tensor(0.0043, device='cuda:3'), tensor(0.0043, device='cuda:3'), tensor(0.0043, device='cuda:3'), tensor(0.0043, device='cuda:3'), tensor(0.0044, device='cuda:3'), tensor(0.0043, device='cuda:3'), tensor(0.0043, device='cuda:3'), tensor(0.0043, device='cuda:3'), tensor(0.0043, device='cuda:3'), tensor(0.0043, device='cuda:3'), tensor(0.0043, device='cuda:3'), tensor(0.0043, device='cuda:3'), tensor(0.0044, device='cuda:3')]"
90,"[tensor(0.0042, device='cuda:3'), tensor(0.0043, device='cuda:3'), tensor(0.0043, device='cuda:3'), tensor(0.0043, device='cuda:3'), tensor(0.0043, device='cuda:3'), tensor(0.0043, device='cuda:3'), tensor(0.0044, device='cuda:3'), tensor(0.0043, device='cuda:3'), tensor(0.0043, device='cuda:3'), tensor(0.0043, device='cuda:3'), tensor(0.0044, device='cuda:3'), tensor(0.0043, device='cuda:3'), tensor(0.0043, device='cuda:3'), tensor(0.0043, device='cuda:3'), tensor(0.0043, device='cuda:3'), tensor(0.0043, device='cuda:3'), tensor(0.0043, device='cuda:3'), tensor(0.0043, device='cuda:3'), tensor(0.0043, device='cuda:3'), tensor(0.0043, device='cuda:3')]"
91,"[tensor(0.0043, device='cuda:3'), tensor(0.0044, device='cuda:3'), tensor(0.0043, device='cuda:3'), tensor(0.0043, device='cuda:3'), tensor(0.0043, device='cuda:3'), tensor(0.0043, device='cuda:3'), tensor(0.0043, device='cuda:3'), tensor(0.0043, device='cuda:3'), tensor(0.0043, device='cuda:3'), tensor(0.0043, device='cuda:3'), tensor(0.0043, device='cuda:3'), tensor(0.0043, device='cuda:3'), tensor(0.0043, device='cuda:3'), tensor(0.0043, device='cuda:3'), tensor(0.0043, device='cuda:3'), tensor(0.0043, device='cuda:3'), tensor(0.0043, device='cuda:3'), tensor(0.0043, device='cuda:3'), tensor(0.0043, device='cuda:3'), tensor(0.0044, device='cuda:3')]"
92,"[tensor(0.0042, device='cuda:3'), tensor(0.0043, device='cuda:3'), tensor(0.0043, device='cuda:3'), tensor(0.0043, device='cuda:3'), tensor(0.0043, device='cuda:3'), tensor(0.0043, device='cuda:3'), tensor(0.0044, device='cuda:3'), tensor(0.0043, device='cuda:3'), tensor(0.0043, device='cuda:3'), tensor(0.0043, device='cuda:3'), tensor(0.0043, device='cuda:3'), tensor(0.0043, device='cuda:3'), tensor(0.0043, device='cuda:3'), tensor(0.0043, device='cuda:3'), tensor(0.0043, device='cuda:3'), tensor(0.0043, device='cuda:3'), tensor(0.0043, device='cuda:3'), tensor(0.0043, device='cuda:3'), tensor(0.0043, device='cuda:3'), tensor(0.0043, device='cuda:3')]"
93,"[tensor(0.0043, device='cuda:3'), tensor(0.0044, device='cuda:3'), tensor(0.0043, device='cuda:3'), tensor(0.0043, device='cuda:3'), tensor(0.0043, device='cuda:3'), tensor(0.0043, device='cuda:3'), tensor(0.0043, device='cuda:3'), tensor(0.0043, device='cuda:3'), tensor(0.0043, device='cuda:3'), tensor(0.0043, device='cuda:3'), tensor(0.0043, device='cuda:3'), tensor(0.0043, device='cuda:3'), tensor(0.0043, device='cuda:3'), tensor(0.0043, device='cuda:3'), tensor(0.0043, device='cuda:3'), tensor(0.0043, device='cuda:3'), tensor(0.0043, device='cuda:3'), tensor(0.0043, device='cuda:3'), tensor(0.0043, device='cuda:3'), tensor(0.0044, device='cuda:3')]"
94,"[tensor(0.0042, device='cuda:3'), tensor(0.0043, device='cuda:3'), tensor(0.0043, device='cuda:3'), tensor(0.0043, device='cuda:3'), tensor(0.0043, device='cuda:3'), tensor(0.0043, device='cuda:3'), tensor(0.0044, device='cuda:3'), tensor(0.0043, device='cuda:3'), tensor(0.0043, device='cuda:3'), tensor(0.0042, device='cuda:3'), tensor(0.0043, device='cuda:3'), tensor(0.0043, device='cuda:3'), tensor(0.0043, device='cuda:3'), tensor(0.0043, device='cuda:3'), tensor(0.0043, device='cuda:3'), tensor(0.0043, device='cuda:3'), tensor(0.0043, device='cuda:3'), tensor(0.0043, device='cuda:3'), tensor(0.0043, device='cuda:3'), tensor(0.0043, device='cuda:3')]"
95,"[tensor(0.0043, device='cuda:3'), tensor(0.0044, device='cuda:3'), tensor(0.0043, device='cuda:3'), tensor(0.0043, device='cuda:3'), tensor(0.0043, device='cuda:3'), tensor(0.0043, device='cuda:3'), tensor(0.0043, device='cuda:3'), tensor(0.0043, device='cuda:3'), tensor(0.0043, device='cuda:3'), tensor(0.0043, device='cuda:3'), tensor(0.0043, device='cuda:3'), tensor(0.0043, device='cuda:3'), tensor(0.0043, device='cuda:3'), tensor(0.0043, device='cuda:3'), tensor(0.0043, device='cuda:3'), tensor(0.0043, device='cuda:3'), tensor(0.0043, device='cuda:3'), tensor(0.0043, device='cuda:3'), tensor(0.0043, device='cuda:3'), tensor(0.0043, device='cuda:3')]"
96,"[tensor(0.0042, device='cuda:3'), tensor(0.0043, device='cuda:3'), tensor(0.0043, device='cuda:3'), tensor(0.0043, device='cuda:3'), tensor(0.0043, device='cuda:3'), tensor(0.0043, device='cuda:3'), tensor(0.0043, device='cuda:3'), tensor(0.0043, device='cuda:3'), tensor(0.0043, device='cuda:3'), tensor(0.0042, device='cuda:3'), tensor(0.0043, device='cuda:3'), tensor(0.0043, device='cuda:3'), tensor(0.0043, device='cuda:3'), tensor(0.0043, device='cuda:3'), tensor(0.0043, device='cuda:3'), tensor(0.0043, device='cuda:3'), tensor(0.0043, device='cuda:3'), tensor(0.0043, device='cuda:3'), tensor(0.0043, device='cuda:3'), tensor(0.0043, device='cuda:3')]"
97,"[tensor(0.0043, device='cuda:3'), tensor(0.0044, device='cuda:3'), tensor(0.0043, device='cuda:3'), tensor(0.0043, device='cuda:3'), tensor(0.0042, device='cuda:3'), tensor(0.0043, device='cuda:3'), tensor(0.0043, device='cuda:3'), tensor(0.0043, device='cuda:3'), tensor(0.0043, device='cuda:3'), tensor(0.0043, device='cuda:3'), tensor(0.0043, device='cuda:3'), tensor(0.0043, device='cuda:3'), tensor(0.0043, device='cuda:3'), tensor(0.0042, device='cuda:3'), tensor(0.0043, device='cuda:3'), tensor(0.0043, device='cuda:3'), tensor(0.0043, device='cuda:3'), tensor(0.0043, device='cuda:3'), tensor(0.0043, device='cuda:3'), tensor(0.0043, device='cuda:3')]"
98,"[tensor(0.0042, device='cuda:3'), tensor(0.0043, device='cuda:3'), tensor(0.0042, device='cuda:3'), tensor(0.0043, device='cuda:3'), tensor(0.0043, device='cuda:3'), tensor(0.0043, device='cuda:3'), tensor(0.0043, device='cuda:3'), tensor(0.0043, device='cuda:3'), tensor(0.0043, device='cuda:3'), tensor(0.0042, device='cuda:3'), tensor(0.0043, device='cuda:3'), tensor(0.0043, device='cuda:3'), tensor(0.0043, device='cuda:3'), tensor(0.0043, device='cuda:3'), tensor(0.0043, device='cuda:3'), tensor(0.0042, device='cuda:3'), tensor(0.0043, device='cuda:3'), tensor(0.0043, device='cuda:3'), tensor(0.0043, device='cuda:3'), tensor(0.0043, device='cuda:3')]"
99,"[tensor(0.0043, device='cuda:3'), tensor(0.0043, device='cuda:3'), tensor(0.0043, device='cuda:3'), tensor(0.0043, device='cuda:3'), tensor(0.0042, device='cuda:3'), tensor(0.0043, device='cuda:3'), tensor(0.0043, device='cuda:3'), tensor(0.0042, device='cuda:3'), tensor(0.0043, device='cuda:3'), tensor(0.0043, device='cuda:3'), tensor(0.0042, device='cuda:3'), tensor(0.0043, device='cuda:3'), tensor(0.0043, device='cuda:3'), tensor(0.0042, device='cuda:3'), tensor(0.0043, device='cuda:3'), tensor(0.0043, device='cuda:3'), tensor(0.0043, device='cuda:3'), tensor(0.0043, device='cuda:3'), tensor(0.0043, device='cuda:3'), tensor(0.0043, device='cuda:3')]"
