betweeness_centrality,[11 14 16  4]
0,"[tensor(0.0046, device='cuda:7'), tensor(0.0046, device='cuda:7'), tensor(0.0046, device='cuda:7'), tensor(0.0046, device='cuda:7'), tensor(0.0046, device='cuda:7'), tensor(0.0046, device='cuda:7'), tensor(0.0046, device='cuda:7'), tensor(0.0046, device='cuda:7'), tensor(0.0046, device='cuda:7'), tensor(0.0046, device='cuda:7'), tensor(0.0046, device='cuda:7'), tensor(0.0046, device='cuda:7'), tensor(0.0046, device='cuda:7'), tensor(0.0046, device='cuda:7'), tensor(0.0046, device='cuda:7'), tensor(0.0046, device='cuda:7'), tensor(0.0046, device='cuda:7'), tensor(0.0046, device='cuda:7'), tensor(0.0046, device='cuda:7'), tensor(0.0046, device='cuda:7')]"
1,"[tensor(0.0046, device='cuda:7'), tensor(0.0046, device='cuda:7'), tensor(0.0046, device='cuda:7'), tensor(0.0046, device='cuda:7'), tensor(0.0046, device='cuda:7'), tensor(0.0046, device='cuda:7'), tensor(0.0046, device='cuda:7'), tensor(0.0046, device='cuda:7'), tensor(0.0046, device='cuda:7'), tensor(0.0046, device='cuda:7'), tensor(0.0046, device='cuda:7'), tensor(0.0046, device='cuda:7'), tensor(0.0046, device='cuda:7'), tensor(0.0046, device='cuda:7'), tensor(0.0046, device='cuda:7'), tensor(0.0046, device='cuda:7'), tensor(0.0046, device='cuda:7'), tensor(0.0046, device='cuda:7'), tensor(0.0046, device='cuda:7'), tensor(0.0046, device='cuda:7')]"
2,"[tensor(0.0046, device='cuda:7'), tensor(0.0046, device='cuda:7'), tensor(0.0046, device='cuda:7'), tensor(0.0046, device='cuda:7'), tensor(0.0046, device='cuda:7'), tensor(0.0046, device='cuda:7'), tensor(0.0046, device='cuda:7'), tensor(0.0046, device='cuda:7'), tensor(0.0046, device='cuda:7'), tensor(0.0046, device='cuda:7'), tensor(0.0046, device='cuda:7'), tensor(0.0046, device='cuda:7'), tensor(0.0046, device='cuda:7'), tensor(0.0046, device='cuda:7'), tensor(0.0046, device='cuda:7'), tensor(0.0046, device='cuda:7'), tensor(0.0046, device='cuda:7'), tensor(0.0046, device='cuda:7'), tensor(0.0046, device='cuda:7'), tensor(0.0046, device='cuda:7')]"
3,"[tensor(0.0046, device='cuda:7'), tensor(0.0046, device='cuda:7'), tensor(0.0046, device='cuda:7'), tensor(0.0046, device='cuda:7'), tensor(0.0046, device='cuda:7'), tensor(0.0046, device='cuda:7'), tensor(0.0046, device='cuda:7'), tensor(0.0046, device='cuda:7'), tensor(0.0046, device='cuda:7'), tensor(0.0046, device='cuda:7'), tensor(0.0046, device='cuda:7'), tensor(0.0046, device='cuda:7'), tensor(0.0046, device='cuda:7'), tensor(0.0046, device='cuda:7'), tensor(0.0046, device='cuda:7'), tensor(0.0046, device='cuda:7'), tensor(0.0046, device='cuda:7'), tensor(0.0046, device='cuda:7'), tensor(0.0046, device='cuda:7'), tensor(0.0046, device='cuda:7')]"
4,"[tensor(0.0046, device='cuda:7'), tensor(0.0046, device='cuda:7'), tensor(0.0046, device='cuda:7'), tensor(0.0046, device='cuda:7'), tensor(0.0046, device='cuda:7'), tensor(0.0046, device='cuda:7'), tensor(0.0046, device='cuda:7'), tensor(0.0046, device='cuda:7'), tensor(0.0046, device='cuda:7'), tensor(0.0046, device='cuda:7'), tensor(0.0046, device='cuda:7'), tensor(0.0046, device='cuda:7'), tensor(0.0046, device='cuda:7'), tensor(0.0046, device='cuda:7'), tensor(0.0046, device='cuda:7'), tensor(0.0046, device='cuda:7'), tensor(0.0046, device='cuda:7'), tensor(0.0046, device='cuda:7'), tensor(0.0046, device='cuda:7'), tensor(0.0046, device='cuda:7')]"
5,"[tensor(0.0046, device='cuda:7'), tensor(0.0046, device='cuda:7'), tensor(0.0046, device='cuda:7'), tensor(0.0046, device='cuda:7'), tensor(0.0046, device='cuda:7'), tensor(0.0046, device='cuda:7'), tensor(0.0046, device='cuda:7'), tensor(0.0046, device='cuda:7'), tensor(0.0046, device='cuda:7'), tensor(0.0046, device='cuda:7'), tensor(0.0046, device='cuda:7'), tensor(0.0046, device='cuda:7'), tensor(0.0046, device='cuda:7'), tensor(0.0046, device='cuda:7'), tensor(0.0046, device='cuda:7'), tensor(0.0046, device='cuda:7'), tensor(0.0046, device='cuda:7'), tensor(0.0046, device='cuda:7'), tensor(0.0046, device='cuda:7'), tensor(0.0046, device='cuda:7')]"
6,"[tensor(0.0046, device='cuda:7'), tensor(0.0046, device='cuda:7'), tensor(0.0046, device='cuda:7'), tensor(0.0046, device='cuda:7'), tensor(0.0046, device='cuda:7'), tensor(0.0046, device='cuda:7'), tensor(0.0046, device='cuda:7'), tensor(0.0046, device='cuda:7'), tensor(0.0046, device='cuda:7'), tensor(0.0046, device='cuda:7'), tensor(0.0046, device='cuda:7'), tensor(0.0046, device='cuda:7'), tensor(0.0046, device='cuda:7'), tensor(0.0046, device='cuda:7'), tensor(0.0046, device='cuda:7'), tensor(0.0046, device='cuda:7'), tensor(0.0046, device='cuda:7'), tensor(0.0046, device='cuda:7'), tensor(0.0046, device='cuda:7'), tensor(0.0046, device='cuda:7')]"
7,"[tensor(0.0046, device='cuda:7'), tensor(0.0046, device='cuda:7'), tensor(0.0046, device='cuda:7'), tensor(0.0046, device='cuda:7'), tensor(0.0046, device='cuda:7'), tensor(0.0046, device='cuda:7'), tensor(0.0046, device='cuda:7'), tensor(0.0046, device='cuda:7'), tensor(0.0046, device='cuda:7'), tensor(0.0046, device='cuda:7'), tensor(0.0046, device='cuda:7'), tensor(0.0046, device='cuda:7'), tensor(0.0046, device='cuda:7'), tensor(0.0046, device='cuda:7'), tensor(0.0046, device='cuda:7'), tensor(0.0046, device='cuda:7'), tensor(0.0046, device='cuda:7'), tensor(0.0046, device='cuda:7'), tensor(0.0046, device='cuda:7'), tensor(0.0046, device='cuda:7')]"
8,"[tensor(0.0046, device='cuda:7'), tensor(0.0046, device='cuda:7'), tensor(0.0046, device='cuda:7'), tensor(0.0046, device='cuda:7'), tensor(0.0046, device='cuda:7'), tensor(0.0046, device='cuda:7'), tensor(0.0046, device='cuda:7'), tensor(0.0046, device='cuda:7'), tensor(0.0046, device='cuda:7'), tensor(0.0046, device='cuda:7'), tensor(0.0046, device='cuda:7'), tensor(0.0046, device='cuda:7'), tensor(0.0046, device='cuda:7'), tensor(0.0046, device='cuda:7'), tensor(0.0046, device='cuda:7'), tensor(0.0046, device='cuda:7'), tensor(0.0046, device='cuda:7'), tensor(0.0046, device='cuda:7'), tensor(0.0046, device='cuda:7'), tensor(0.0046, device='cuda:7')]"
9,"[tensor(0.0046, device='cuda:7'), tensor(0.0046, device='cuda:7'), tensor(0.0046, device='cuda:7'), tensor(0.0046, device='cuda:7'), tensor(0.0046, device='cuda:7'), tensor(0.0046, device='cuda:7'), tensor(0.0046, device='cuda:7'), tensor(0.0046, device='cuda:7'), tensor(0.0046, device='cuda:7'), tensor(0.0046, device='cuda:7'), tensor(0.0046, device='cuda:7'), tensor(0.0046, device='cuda:7'), tensor(0.0046, device='cuda:7'), tensor(0.0046, device='cuda:7'), tensor(0.0046, device='cuda:7'), tensor(0.0046, device='cuda:7'), tensor(0.0046, device='cuda:7'), tensor(0.0046, device='cuda:7'), tensor(0.0046, device='cuda:7'), tensor(0.0046, device='cuda:7')]"
10,"[tensor(0.0046, device='cuda:7'), tensor(0.0046, device='cuda:7'), tensor(0.0046, device='cuda:7'), tensor(0.0046, device='cuda:7'), tensor(0.0046, device='cuda:7'), tensor(0.0046, device='cuda:7'), tensor(0.0046, device='cuda:7'), tensor(0.0046, device='cuda:7'), tensor(0.0046, device='cuda:7'), tensor(0.0046, device='cuda:7'), tensor(0.0046, device='cuda:7'), tensor(0.0046, device='cuda:7'), tensor(0.0046, device='cuda:7'), tensor(0.0046, device='cuda:7'), tensor(0.0046, device='cuda:7'), tensor(0.0046, device='cuda:7'), tensor(0.0046, device='cuda:7'), tensor(0.0046, device='cuda:7'), tensor(0.0046, device='cuda:7'), tensor(0.0046, device='cuda:7')]"
11,"[tensor(0.0046, device='cuda:7'), tensor(0.0046, device='cuda:7'), tensor(0.0046, device='cuda:7'), tensor(0.0046, device='cuda:7'), tensor(0.0046, device='cuda:7'), tensor(0.0046, device='cuda:7'), tensor(0.0046, device='cuda:7'), tensor(0.0046, device='cuda:7'), tensor(0.0046, device='cuda:7'), tensor(0.0046, device='cuda:7'), tensor(0.0046, device='cuda:7'), tensor(0.0046, device='cuda:7'), tensor(0.0046, device='cuda:7'), tensor(0.0046, device='cuda:7'), tensor(0.0046, device='cuda:7'), tensor(0.0046, device='cuda:7'), tensor(0.0046, device='cuda:7'), tensor(0.0046, device='cuda:7'), tensor(0.0046, device='cuda:7'), tensor(0.0046, device='cuda:7')]"
12,"[tensor(0.0046, device='cuda:7'), tensor(0.0046, device='cuda:7'), tensor(0.0046, device='cuda:7'), tensor(0.0046, device='cuda:7'), tensor(0.0046, device='cuda:7'), tensor(0.0046, device='cuda:7'), tensor(0.0046, device='cuda:7'), tensor(0.0046, device='cuda:7'), tensor(0.0046, device='cuda:7'), tensor(0.0046, device='cuda:7'), tensor(0.0046, device='cuda:7'), tensor(0.0046, device='cuda:7'), tensor(0.0046, device='cuda:7'), tensor(0.0046, device='cuda:7'), tensor(0.0046, device='cuda:7'), tensor(0.0046, device='cuda:7'), tensor(0.0046, device='cuda:7'), tensor(0.0046, device='cuda:7'), tensor(0.0046, device='cuda:7'), tensor(0.0046, device='cuda:7')]"
13,"[tensor(0.0046, device='cuda:7'), tensor(0.0046, device='cuda:7'), tensor(0.0046, device='cuda:7'), tensor(0.0046, device='cuda:7'), tensor(0.0046, device='cuda:7'), tensor(0.0046, device='cuda:7'), tensor(0.0046, device='cuda:7'), tensor(0.0046, device='cuda:7'), tensor(0.0046, device='cuda:7'), tensor(0.0046, device='cuda:7'), tensor(0.0046, device='cuda:7'), tensor(0.0046, device='cuda:7'), tensor(0.0046, device='cuda:7'), tensor(0.0046, device='cuda:7'), tensor(0.0046, device='cuda:7'), tensor(0.0046, device='cuda:7'), tensor(0.0046, device='cuda:7'), tensor(0.0046, device='cuda:7'), tensor(0.0046, device='cuda:7'), tensor(0.0046, device='cuda:7')]"
14,"[tensor(0.0046, device='cuda:7'), tensor(0.0046, device='cuda:7'), tensor(0.0046, device='cuda:7'), tensor(0.0046, device='cuda:7'), tensor(0.0046, device='cuda:7'), tensor(0.0046, device='cuda:7'), tensor(0.0046, device='cuda:7'), tensor(0.0046, device='cuda:7'), tensor(0.0046, device='cuda:7'), tensor(0.0046, device='cuda:7'), tensor(0.0046, device='cuda:7'), tensor(0.0046, device='cuda:7'), tensor(0.0046, device='cuda:7'), tensor(0.0046, device='cuda:7'), tensor(0.0046, device='cuda:7'), tensor(0.0046, device='cuda:7'), tensor(0.0046, device='cuda:7'), tensor(0.0046, device='cuda:7'), tensor(0.0046, device='cuda:7'), tensor(0.0046, device='cuda:7')]"
15,"[tensor(0.0046, device='cuda:7'), tensor(0.0046, device='cuda:7'), tensor(0.0046, device='cuda:7'), tensor(0.0046, device='cuda:7'), tensor(0.0046, device='cuda:7'), tensor(0.0046, device='cuda:7'), tensor(0.0046, device='cuda:7'), tensor(0.0046, device='cuda:7'), tensor(0.0046, device='cuda:7'), tensor(0.0046, device='cuda:7'), tensor(0.0046, device='cuda:7'), tensor(0.0046, device='cuda:7'), tensor(0.0046, device='cuda:7'), tensor(0.0046, device='cuda:7'), tensor(0.0046, device='cuda:7'), tensor(0.0046, device='cuda:7'), tensor(0.0046, device='cuda:7'), tensor(0.0046, device='cuda:7'), tensor(0.0046, device='cuda:7'), tensor(0.0046, device='cuda:7')]"
16,"[tensor(0.0046, device='cuda:7'), tensor(0.0046, device='cuda:7'), tensor(0.0046, device='cuda:7'), tensor(0.0046, device='cuda:7'), tensor(0.0046, device='cuda:7'), tensor(0.0046, device='cuda:7'), tensor(0.0046, device='cuda:7'), tensor(0.0046, device='cuda:7'), tensor(0.0046, device='cuda:7'), tensor(0.0046, device='cuda:7'), tensor(0.0046, device='cuda:7'), tensor(0.0046, device='cuda:7'), tensor(0.0046, device='cuda:7'), tensor(0.0046, device='cuda:7'), tensor(0.0046, device='cuda:7'), tensor(0.0046, device='cuda:7'), tensor(0.0046, device='cuda:7'), tensor(0.0046, device='cuda:7'), tensor(0.0046, device='cuda:7'), tensor(0.0046, device='cuda:7')]"
17,"[tensor(0.0046, device='cuda:7'), tensor(0.0046, device='cuda:7'), tensor(0.0046, device='cuda:7'), tensor(0.0046, device='cuda:7'), tensor(0.0046, device='cuda:7'), tensor(0.0046, device='cuda:7'), tensor(0.0046, device='cuda:7'), tensor(0.0046, device='cuda:7'), tensor(0.0046, device='cuda:7'), tensor(0.0046, device='cuda:7'), tensor(0.0046, device='cuda:7'), tensor(0.0046, device='cuda:7'), tensor(0.0046, device='cuda:7'), tensor(0.0046, device='cuda:7'), tensor(0.0046, device='cuda:7'), tensor(0.0046, device='cuda:7'), tensor(0.0046, device='cuda:7'), tensor(0.0046, device='cuda:7'), tensor(0.0046, device='cuda:7'), tensor(0.0046, device='cuda:7')]"
18,"[tensor(0.0046, device='cuda:7'), tensor(0.0046, device='cuda:7'), tensor(0.0046, device='cuda:7'), tensor(0.0046, device='cuda:7'), tensor(0.0046, device='cuda:7'), tensor(0.0046, device='cuda:7'), tensor(0.0046, device='cuda:7'), tensor(0.0046, device='cuda:7'), tensor(0.0046, device='cuda:7'), tensor(0.0046, device='cuda:7'), tensor(0.0046, device='cuda:7'), tensor(0.0046, device='cuda:7'), tensor(0.0046, device='cuda:7'), tensor(0.0046, device='cuda:7'), tensor(0.0046, device='cuda:7'), tensor(0.0046, device='cuda:7'), tensor(0.0046, device='cuda:7'), tensor(0.0046, device='cuda:7'), tensor(0.0046, device='cuda:7'), tensor(0.0046, device='cuda:7')]"
19,"[tensor(0.0046, device='cuda:7'), tensor(0.0046, device='cuda:7'), tensor(0.0046, device='cuda:7'), tensor(0.0046, device='cuda:7'), tensor(0.0046, device='cuda:7'), tensor(0.0046, device='cuda:7'), tensor(0.0046, device='cuda:7'), tensor(0.0046, device='cuda:7'), tensor(0.0046, device='cuda:7'), tensor(0.0046, device='cuda:7'), tensor(0.0046, device='cuda:7'), tensor(0.0046, device='cuda:7'), tensor(0.0046, device='cuda:7'), tensor(0.0046, device='cuda:7'), tensor(0.0046, device='cuda:7'), tensor(0.0046, device='cuda:7'), tensor(0.0046, device='cuda:7'), tensor(0.0046, device='cuda:7'), tensor(0.0046, device='cuda:7'), tensor(0.0046, device='cuda:7')]"
20,"[tensor(0.0046, device='cuda:7'), tensor(0.0046, device='cuda:7'), tensor(0.0046, device='cuda:7'), tensor(0.0046, device='cuda:7'), tensor(0.0046, device='cuda:7'), tensor(0.0046, device='cuda:7'), tensor(0.0046, device='cuda:7'), tensor(0.0046, device='cuda:7'), tensor(0.0046, device='cuda:7'), tensor(0.0046, device='cuda:7'), tensor(0.0046, device='cuda:7'), tensor(0.0046, device='cuda:7'), tensor(0.0046, device='cuda:7'), tensor(0.0046, device='cuda:7'), tensor(0.0046, device='cuda:7'), tensor(0.0046, device='cuda:7'), tensor(0.0046, device='cuda:7'), tensor(0.0046, device='cuda:7'), tensor(0.0046, device='cuda:7'), tensor(0.0046, device='cuda:7')]"
21,"[tensor(0.0046, device='cuda:7'), tensor(0.0046, device='cuda:7'), tensor(0.0046, device='cuda:7'), tensor(0.0046, device='cuda:7'), tensor(0.0046, device='cuda:7'), tensor(0.0046, device='cuda:7'), tensor(0.0046, device='cuda:7'), tensor(0.0046, device='cuda:7'), tensor(0.0046, device='cuda:7'), tensor(0.0046, device='cuda:7'), tensor(0.0046, device='cuda:7'), tensor(0.0046, device='cuda:7'), tensor(0.0046, device='cuda:7'), tensor(0.0046, device='cuda:7'), tensor(0.0046, device='cuda:7'), tensor(0.0046, device='cuda:7'), tensor(0.0046, device='cuda:7'), tensor(0.0046, device='cuda:7'), tensor(0.0046, device='cuda:7'), tensor(0.0046, device='cuda:7')]"
22,"[tensor(0.0046, device='cuda:7'), tensor(0.0046, device='cuda:7'), tensor(0.0046, device='cuda:7'), tensor(0.0046, device='cuda:7'), tensor(0.0046, device='cuda:7'), tensor(0.0046, device='cuda:7'), tensor(0.0046, device='cuda:7'), tensor(0.0046, device='cuda:7'), tensor(0.0046, device='cuda:7'), tensor(0.0046, device='cuda:7'), tensor(0.0046, device='cuda:7'), tensor(0.0046, device='cuda:7'), tensor(0.0046, device='cuda:7'), tensor(0.0046, device='cuda:7'), tensor(0.0046, device='cuda:7'), tensor(0.0046, device='cuda:7'), tensor(0.0046, device='cuda:7'), tensor(0.0046, device='cuda:7'), tensor(0.0046, device='cuda:7'), tensor(0.0046, device='cuda:7')]"
23,"[tensor(0.0046, device='cuda:7'), tensor(0.0046, device='cuda:7'), tensor(0.0046, device='cuda:7'), tensor(0.0046, device='cuda:7'), tensor(0.0046, device='cuda:7'), tensor(0.0046, device='cuda:7'), tensor(0.0046, device='cuda:7'), tensor(0.0046, device='cuda:7'), tensor(0.0046, device='cuda:7'), tensor(0.0046, device='cuda:7'), tensor(0.0046, device='cuda:7'), tensor(0.0046, device='cuda:7'), tensor(0.0046, device='cuda:7'), tensor(0.0046, device='cuda:7'), tensor(0.0046, device='cuda:7'), tensor(0.0046, device='cuda:7'), tensor(0.0046, device='cuda:7'), tensor(0.0046, device='cuda:7'), tensor(0.0046, device='cuda:7'), tensor(0.0046, device='cuda:7')]"
24,"[tensor(0.0046, device='cuda:7'), tensor(0.0046, device='cuda:7'), tensor(0.0046, device='cuda:7'), tensor(0.0046, device='cuda:7'), tensor(0.0046, device='cuda:7'), tensor(0.0046, device='cuda:7'), tensor(0.0046, device='cuda:7'), tensor(0.0046, device='cuda:7'), tensor(0.0046, device='cuda:7'), tensor(0.0046, device='cuda:7'), tensor(0.0046, device='cuda:7'), tensor(0.0046, device='cuda:7'), tensor(0.0046, device='cuda:7'), tensor(0.0046, device='cuda:7'), tensor(0.0046, device='cuda:7'), tensor(0.0046, device='cuda:7'), tensor(0.0046, device='cuda:7'), tensor(0.0046, device='cuda:7'), tensor(0.0046, device='cuda:7'), tensor(0.0046, device='cuda:7')]"
25,"[tensor(0.0046, device='cuda:7'), tensor(0.0046, device='cuda:7'), tensor(0.0046, device='cuda:7'), tensor(0.0046, device='cuda:7'), tensor(0.0046, device='cuda:7'), tensor(0.0046, device='cuda:7'), tensor(0.0046, device='cuda:7'), tensor(0.0046, device='cuda:7'), tensor(0.0046, device='cuda:7'), tensor(0.0046, device='cuda:7'), tensor(0.0046, device='cuda:7'), tensor(0.0046, device='cuda:7'), tensor(0.0046, device='cuda:7'), tensor(0.0046, device='cuda:7'), tensor(0.0046, device='cuda:7'), tensor(0.0046, device='cuda:7'), tensor(0.0046, device='cuda:7'), tensor(0.0046, device='cuda:7'), tensor(0.0046, device='cuda:7'), tensor(0.0046, device='cuda:7')]"
26,"[tensor(0.0046, device='cuda:7'), tensor(0.0046, device='cuda:7'), tensor(0.0046, device='cuda:7'), tensor(0.0046, device='cuda:7'), tensor(0.0046, device='cuda:7'), tensor(0.0046, device='cuda:7'), tensor(0.0046, device='cuda:7'), tensor(0.0046, device='cuda:7'), tensor(0.0046, device='cuda:7'), tensor(0.0046, device='cuda:7'), tensor(0.0046, device='cuda:7'), tensor(0.0046, device='cuda:7'), tensor(0.0046, device='cuda:7'), tensor(0.0046, device='cuda:7'), tensor(0.0046, device='cuda:7'), tensor(0.0046, device='cuda:7'), tensor(0.0046, device='cuda:7'), tensor(0.0046, device='cuda:7'), tensor(0.0046, device='cuda:7'), tensor(0.0046, device='cuda:7')]"
27,"[tensor(0.0046, device='cuda:7'), tensor(0.0046, device='cuda:7'), tensor(0.0046, device='cuda:7'), tensor(0.0046, device='cuda:7'), tensor(0.0046, device='cuda:7'), tensor(0.0046, device='cuda:7'), tensor(0.0046, device='cuda:7'), tensor(0.0046, device='cuda:7'), tensor(0.0046, device='cuda:7'), tensor(0.0046, device='cuda:7'), tensor(0.0046, device='cuda:7'), tensor(0.0046, device='cuda:7'), tensor(0.0046, device='cuda:7'), tensor(0.0046, device='cuda:7'), tensor(0.0046, device='cuda:7'), tensor(0.0046, device='cuda:7'), tensor(0.0046, device='cuda:7'), tensor(0.0046, device='cuda:7'), tensor(0.0046, device='cuda:7'), tensor(0.0046, device='cuda:7')]"
28,"[tensor(0.0046, device='cuda:7'), tensor(0.0046, device='cuda:7'), tensor(0.0046, device='cuda:7'), tensor(0.0046, device='cuda:7'), tensor(0.0046, device='cuda:7'), tensor(0.0046, device='cuda:7'), tensor(0.0046, device='cuda:7'), tensor(0.0046, device='cuda:7'), tensor(0.0046, device='cuda:7'), tensor(0.0046, device='cuda:7'), tensor(0.0046, device='cuda:7'), tensor(0.0046, device='cuda:7'), tensor(0.0046, device='cuda:7'), tensor(0.0046, device='cuda:7'), tensor(0.0046, device='cuda:7'), tensor(0.0046, device='cuda:7'), tensor(0.0046, device='cuda:7'), tensor(0.0046, device='cuda:7'), tensor(0.0046, device='cuda:7'), tensor(0.0046, device='cuda:7')]"
29,"[tensor(0.0046, device='cuda:7'), tensor(0.0046, device='cuda:7'), tensor(0.0046, device='cuda:7'), tensor(0.0046, device='cuda:7'), tensor(0.0046, device='cuda:7'), tensor(0.0046, device='cuda:7'), tensor(0.0046, device='cuda:7'), tensor(0.0046, device='cuda:7'), tensor(0.0046, device='cuda:7'), tensor(0.0046, device='cuda:7'), tensor(0.0046, device='cuda:7'), tensor(0.0046, device='cuda:7'), tensor(0.0046, device='cuda:7'), tensor(0.0046, device='cuda:7'), tensor(0.0046, device='cuda:7'), tensor(0.0046, device='cuda:7'), tensor(0.0046, device='cuda:7'), tensor(0.0046, device='cuda:7'), tensor(0.0046, device='cuda:7'), tensor(0.0046, device='cuda:7')]"
30,"[tensor(0.0046, device='cuda:7'), tensor(0.0046, device='cuda:7'), tensor(0.0046, device='cuda:7'), tensor(0.0046, device='cuda:7'), tensor(0.0046, device='cuda:7'), tensor(0.0046, device='cuda:7'), tensor(0.0046, device='cuda:7'), tensor(0.0046, device='cuda:7'), tensor(0.0046, device='cuda:7'), tensor(0.0046, device='cuda:7'), tensor(0.0046, device='cuda:7'), tensor(0.0046, device='cuda:7'), tensor(0.0046, device='cuda:7'), tensor(0.0046, device='cuda:7'), tensor(0.0046, device='cuda:7'), tensor(0.0046, device='cuda:7'), tensor(0.0046, device='cuda:7'), tensor(0.0046, device='cuda:7'), tensor(0.0046, device='cuda:7'), tensor(0.0046, device='cuda:7')]"
31,"[tensor(0.0046, device='cuda:7'), tensor(0.0046, device='cuda:7'), tensor(0.0046, device='cuda:7'), tensor(0.0046, device='cuda:7'), tensor(0.0046, device='cuda:7'), tensor(0.0046, device='cuda:7'), tensor(0.0046, device='cuda:7'), tensor(0.0046, device='cuda:7'), tensor(0.0046, device='cuda:7'), tensor(0.0046, device='cuda:7'), tensor(0.0046, device='cuda:7'), tensor(0.0046, device='cuda:7'), tensor(0.0046, device='cuda:7'), tensor(0.0046, device='cuda:7'), tensor(0.0046, device='cuda:7'), tensor(0.0046, device='cuda:7'), tensor(0.0046, device='cuda:7'), tensor(0.0046, device='cuda:7'), tensor(0.0046, device='cuda:7'), tensor(0.0046, device='cuda:7')]"
32,"[tensor(0.0046, device='cuda:7'), tensor(0.0046, device='cuda:7'), tensor(0.0046, device='cuda:7'), tensor(0.0046, device='cuda:7'), tensor(0.0046, device='cuda:7'), tensor(0.0046, device='cuda:7'), tensor(0.0046, device='cuda:7'), tensor(0.0046, device='cuda:7'), tensor(0.0046, device='cuda:7'), tensor(0.0046, device='cuda:7'), tensor(0.0046, device='cuda:7'), tensor(0.0046, device='cuda:7'), tensor(0.0046, device='cuda:7'), tensor(0.0046, device='cuda:7'), tensor(0.0046, device='cuda:7'), tensor(0.0046, device='cuda:7'), tensor(0.0046, device='cuda:7'), tensor(0.0046, device='cuda:7'), tensor(0.0046, device='cuda:7'), tensor(0.0046, device='cuda:7')]"
33,"[tensor(0.0046, device='cuda:7'), tensor(0.0046, device='cuda:7'), tensor(0.0046, device='cuda:7'), tensor(0.0046, device='cuda:7'), tensor(0.0046, device='cuda:7'), tensor(0.0046, device='cuda:7'), tensor(0.0046, device='cuda:7'), tensor(0.0046, device='cuda:7'), tensor(0.0046, device='cuda:7'), tensor(0.0046, device='cuda:7'), tensor(0.0046, device='cuda:7'), tensor(0.0046, device='cuda:7'), tensor(0.0046, device='cuda:7'), tensor(0.0046, device='cuda:7'), tensor(0.0046, device='cuda:7'), tensor(0.0046, device='cuda:7'), tensor(0.0046, device='cuda:7'), tensor(0.0046, device='cuda:7'), tensor(0.0046, device='cuda:7'), tensor(0.0046, device='cuda:7')]"
34,"[tensor(0.0046, device='cuda:7'), tensor(0.0046, device='cuda:7'), tensor(0.0046, device='cuda:7'), tensor(0.0046, device='cuda:7'), tensor(0.0046, device='cuda:7'), tensor(0.0046, device='cuda:7'), tensor(0.0046, device='cuda:7'), tensor(0.0046, device='cuda:7'), tensor(0.0046, device='cuda:7'), tensor(0.0046, device='cuda:7'), tensor(0.0046, device='cuda:7'), tensor(0.0046, device='cuda:7'), tensor(0.0046, device='cuda:7'), tensor(0.0046, device='cuda:7'), tensor(0.0046, device='cuda:7'), tensor(0.0046, device='cuda:7'), tensor(0.0046, device='cuda:7'), tensor(0.0046, device='cuda:7'), tensor(0.0046, device='cuda:7'), tensor(0.0046, device='cuda:7')]"
35,"[tensor(0.0046, device='cuda:7'), tensor(0.0046, device='cuda:7'), tensor(0.0046, device='cuda:7'), tensor(0.0046, device='cuda:7'), tensor(0.0046, device='cuda:7'), tensor(0.0046, device='cuda:7'), tensor(0.0046, device='cuda:7'), tensor(0.0046, device='cuda:7'), tensor(0.0046, device='cuda:7'), tensor(0.0046, device='cuda:7'), tensor(0.0046, device='cuda:7'), tensor(0.0046, device='cuda:7'), tensor(0.0046, device='cuda:7'), tensor(0.0046, device='cuda:7'), tensor(0.0046, device='cuda:7'), tensor(0.0046, device='cuda:7'), tensor(0.0046, device='cuda:7'), tensor(0.0046, device='cuda:7'), tensor(0.0046, device='cuda:7'), tensor(0.0046, device='cuda:7')]"
36,"[tensor(0.0046, device='cuda:7'), tensor(0.0046, device='cuda:7'), tensor(0.0046, device='cuda:7'), tensor(0.0046, device='cuda:7'), tensor(0.0046, device='cuda:7'), tensor(0.0046, device='cuda:7'), tensor(0.0046, device='cuda:7'), tensor(0.0046, device='cuda:7'), tensor(0.0046, device='cuda:7'), tensor(0.0046, device='cuda:7'), tensor(0.0046, device='cuda:7'), tensor(0.0046, device='cuda:7'), tensor(0.0046, device='cuda:7'), tensor(0.0046, device='cuda:7'), tensor(0.0046, device='cuda:7'), tensor(0.0046, device='cuda:7'), tensor(0.0046, device='cuda:7'), tensor(0.0046, device='cuda:7'), tensor(0.0046, device='cuda:7'), tensor(0.0046, device='cuda:7')]"
37,"[tensor(0.0046, device='cuda:7'), tensor(0.0046, device='cuda:7'), tensor(0.0046, device='cuda:7'), tensor(0.0046, device='cuda:7'), tensor(0.0046, device='cuda:7'), tensor(0.0046, device='cuda:7'), tensor(0.0046, device='cuda:7'), tensor(0.0046, device='cuda:7'), tensor(0.0046, device='cuda:7'), tensor(0.0046, device='cuda:7'), tensor(0.0046, device='cuda:7'), tensor(0.0046, device='cuda:7'), tensor(0.0046, device='cuda:7'), tensor(0.0046, device='cuda:7'), tensor(0.0046, device='cuda:7'), tensor(0.0046, device='cuda:7'), tensor(0.0046, device='cuda:7'), tensor(0.0046, device='cuda:7'), tensor(0.0046, device='cuda:7'), tensor(0.0046, device='cuda:7')]"
38,"[tensor(0.0046, device='cuda:7'), tensor(0.0046, device='cuda:7'), tensor(0.0046, device='cuda:7'), tensor(0.0046, device='cuda:7'), tensor(0.0046, device='cuda:7'), tensor(0.0046, device='cuda:7'), tensor(0.0046, device='cuda:7'), tensor(0.0046, device='cuda:7'), tensor(0.0046, device='cuda:7'), tensor(0.0046, device='cuda:7'), tensor(0.0046, device='cuda:7'), tensor(0.0046, device='cuda:7'), tensor(0.0046, device='cuda:7'), tensor(0.0046, device='cuda:7'), tensor(0.0046, device='cuda:7'), tensor(0.0046, device='cuda:7'), tensor(0.0046, device='cuda:7'), tensor(0.0046, device='cuda:7'), tensor(0.0046, device='cuda:7'), tensor(0.0046, device='cuda:7')]"
39,"[tensor(0.0046, device='cuda:7'), tensor(0.0046, device='cuda:7'), tensor(0.0046, device='cuda:7'), tensor(0.0046, device='cuda:7'), tensor(0.0046, device='cuda:7'), tensor(0.0046, device='cuda:7'), tensor(0.0046, device='cuda:7'), tensor(0.0046, device='cuda:7'), tensor(0.0046, device='cuda:7'), tensor(0.0046, device='cuda:7'), tensor(0.0046, device='cuda:7'), tensor(0.0046, device='cuda:7'), tensor(0.0046, device='cuda:7'), tensor(0.0046, device='cuda:7'), tensor(0.0046, device='cuda:7'), tensor(0.0046, device='cuda:7'), tensor(0.0046, device='cuda:7'), tensor(0.0046, device='cuda:7'), tensor(0.0046, device='cuda:7'), tensor(0.0046, device='cuda:7')]"
40,"[tensor(0.0046, device='cuda:7'), tensor(0.0046, device='cuda:7'), tensor(0.0046, device='cuda:7'), tensor(0.0046, device='cuda:7'), tensor(0.0046, device='cuda:7'), tensor(0.0046, device='cuda:7'), tensor(0.0046, device='cuda:7'), tensor(0.0046, device='cuda:7'), tensor(0.0046, device='cuda:7'), tensor(0.0046, device='cuda:7'), tensor(0.0046, device='cuda:7'), tensor(0.0046, device='cuda:7'), tensor(0.0046, device='cuda:7'), tensor(0.0046, device='cuda:7'), tensor(0.0046, device='cuda:7'), tensor(0.0046, device='cuda:7'), tensor(0.0046, device='cuda:7'), tensor(0.0046, device='cuda:7'), tensor(0.0046, device='cuda:7'), tensor(0.0046, device='cuda:7')]"
41,"[tensor(0.0046, device='cuda:7'), tensor(0.0046, device='cuda:7'), tensor(0.0046, device='cuda:7'), tensor(0.0046, device='cuda:7'), tensor(0.0046, device='cuda:7'), tensor(0.0046, device='cuda:7'), tensor(0.0046, device='cuda:7'), tensor(0.0046, device='cuda:7'), tensor(0.0046, device='cuda:7'), tensor(0.0046, device='cuda:7'), tensor(0.0046, device='cuda:7'), tensor(0.0046, device='cuda:7'), tensor(0.0046, device='cuda:7'), tensor(0.0046, device='cuda:7'), tensor(0.0046, device='cuda:7'), tensor(0.0046, device='cuda:7'), tensor(0.0046, device='cuda:7'), tensor(0.0046, device='cuda:7'), tensor(0.0046, device='cuda:7'), tensor(0.0046, device='cuda:7')]"
42,"[tensor(0.0046, device='cuda:7'), tensor(0.0046, device='cuda:7'), tensor(0.0046, device='cuda:7'), tensor(0.0046, device='cuda:7'), tensor(0.0046, device='cuda:7'), tensor(0.0046, device='cuda:7'), tensor(0.0046, device='cuda:7'), tensor(0.0046, device='cuda:7'), tensor(0.0046, device='cuda:7'), tensor(0.0046, device='cuda:7'), tensor(0.0046, device='cuda:7'), tensor(0.0046, device='cuda:7'), tensor(0.0046, device='cuda:7'), tensor(0.0046, device='cuda:7'), tensor(0.0046, device='cuda:7'), tensor(0.0046, device='cuda:7'), tensor(0.0046, device='cuda:7'), tensor(0.0046, device='cuda:7'), tensor(0.0046, device='cuda:7'), tensor(0.0046, device='cuda:7')]"
43,"[tensor(0.0046, device='cuda:7'), tensor(0.0046, device='cuda:7'), tensor(0.0046, device='cuda:7'), tensor(0.0046, device='cuda:7'), tensor(0.0046, device='cuda:7'), tensor(0.0046, device='cuda:7'), tensor(0.0046, device='cuda:7'), tensor(0.0046, device='cuda:7'), tensor(0.0046, device='cuda:7'), tensor(0.0046, device='cuda:7'), tensor(0.0046, device='cuda:7'), tensor(0.0046, device='cuda:7'), tensor(0.0046, device='cuda:7'), tensor(0.0046, device='cuda:7'), tensor(0.0046, device='cuda:7'), tensor(0.0046, device='cuda:7'), tensor(0.0046, device='cuda:7'), tensor(0.0046, device='cuda:7'), tensor(0.0046, device='cuda:7'), tensor(0.0046, device='cuda:7')]"
44,"[tensor(0.0046, device='cuda:7'), tensor(0.0046, device='cuda:7'), tensor(0.0046, device='cuda:7'), tensor(0.0046, device='cuda:7'), tensor(0.0046, device='cuda:7'), tensor(0.0046, device='cuda:7'), tensor(0.0046, device='cuda:7'), tensor(0.0046, device='cuda:7'), tensor(0.0046, device='cuda:7'), tensor(0.0046, device='cuda:7'), tensor(0.0046, device='cuda:7'), tensor(0.0046, device='cuda:7'), tensor(0.0046, device='cuda:7'), tensor(0.0046, device='cuda:7'), tensor(0.0046, device='cuda:7'), tensor(0.0046, device='cuda:7'), tensor(0.0046, device='cuda:7'), tensor(0.0046, device='cuda:7'), tensor(0.0046, device='cuda:7'), tensor(0.0046, device='cuda:7')]"
45,"[tensor(0.0046, device='cuda:7'), tensor(0.0046, device='cuda:7'), tensor(0.0046, device='cuda:7'), tensor(0.0046, device='cuda:7'), tensor(0.0046, device='cuda:7'), tensor(0.0046, device='cuda:7'), tensor(0.0046, device='cuda:7'), tensor(0.0046, device='cuda:7'), tensor(0.0046, device='cuda:7'), tensor(0.0046, device='cuda:7'), tensor(0.0046, device='cuda:7'), tensor(0.0046, device='cuda:7'), tensor(0.0046, device='cuda:7'), tensor(0.0046, device='cuda:7'), tensor(0.0046, device='cuda:7'), tensor(0.0046, device='cuda:7'), tensor(0.0046, device='cuda:7'), tensor(0.0046, device='cuda:7'), tensor(0.0046, device='cuda:7'), tensor(0.0046, device='cuda:7')]"
46,"[tensor(0.0046, device='cuda:7'), tensor(0.0046, device='cuda:7'), tensor(0.0046, device='cuda:7'), tensor(0.0046, device='cuda:7'), tensor(0.0046, device='cuda:7'), tensor(0.0046, device='cuda:7'), tensor(0.0046, device='cuda:7'), tensor(0.0046, device='cuda:7'), tensor(0.0046, device='cuda:7'), tensor(0.0046, device='cuda:7'), tensor(0.0046, device='cuda:7'), tensor(0.0046, device='cuda:7'), tensor(0.0046, device='cuda:7'), tensor(0.0046, device='cuda:7'), tensor(0.0046, device='cuda:7'), tensor(0.0046, device='cuda:7'), tensor(0.0046, device='cuda:7'), tensor(0.0046, device='cuda:7'), tensor(0.0046, device='cuda:7'), tensor(0.0046, device='cuda:7')]"
47,"[tensor(0.0046, device='cuda:7'), tensor(0.0046, device='cuda:7'), tensor(0.0046, device='cuda:7'), tensor(0.0046, device='cuda:7'), tensor(0.0046, device='cuda:7'), tensor(0.0046, device='cuda:7'), tensor(0.0046, device='cuda:7'), tensor(0.0046, device='cuda:7'), tensor(0.0046, device='cuda:7'), tensor(0.0046, device='cuda:7'), tensor(0.0046, device='cuda:7'), tensor(0.0046, device='cuda:7'), tensor(0.0046, device='cuda:7'), tensor(0.0046, device='cuda:7'), tensor(0.0046, device='cuda:7'), tensor(0.0046, device='cuda:7'), tensor(0.0046, device='cuda:7'), tensor(0.0046, device='cuda:7'), tensor(0.0046, device='cuda:7'), tensor(0.0046, device='cuda:7')]"
48,"[tensor(0.0046, device='cuda:7'), tensor(0.0046, device='cuda:7'), tensor(0.0046, device='cuda:7'), tensor(0.0046, device='cuda:7'), tensor(0.0046, device='cuda:7'), tensor(0.0046, device='cuda:7'), tensor(0.0046, device='cuda:7'), tensor(0.0046, device='cuda:7'), tensor(0.0046, device='cuda:7'), tensor(0.0046, device='cuda:7'), tensor(0.0046, device='cuda:7'), tensor(0.0046, device='cuda:7'), tensor(0.0046, device='cuda:7'), tensor(0.0046, device='cuda:7'), tensor(0.0046, device='cuda:7'), tensor(0.0046, device='cuda:7'), tensor(0.0046, device='cuda:7'), tensor(0.0046, device='cuda:7'), tensor(0.0046, device='cuda:7'), tensor(0.0046, device='cuda:7')]"
49,"[tensor(0.0046, device='cuda:7'), tensor(0.0046, device='cuda:7'), tensor(0.0046, device='cuda:7'), tensor(0.0046, device='cuda:7'), tensor(0.0046, device='cuda:7'), tensor(0.0046, device='cuda:7'), tensor(0.0046, device='cuda:7'), tensor(0.0046, device='cuda:7'), tensor(0.0046, device='cuda:7'), tensor(0.0046, device='cuda:7'), tensor(0.0046, device='cuda:7'), tensor(0.0046, device='cuda:7'), tensor(0.0046, device='cuda:7'), tensor(0.0046, device='cuda:7'), tensor(0.0046, device='cuda:7'), tensor(0.0046, device='cuda:7'), tensor(0.0046, device='cuda:7'), tensor(0.0046, device='cuda:7'), tensor(0.0046, device='cuda:7'), tensor(0.0046, device='cuda:7')]"
50,"[tensor(0.0046, device='cuda:7'), tensor(0.0046, device='cuda:7'), tensor(0.0046, device='cuda:7'), tensor(0.0046, device='cuda:7'), tensor(0.0046, device='cuda:7'), tensor(0.0046, device='cuda:7'), tensor(0.0046, device='cuda:7'), tensor(0.0046, device='cuda:7'), tensor(0.0046, device='cuda:7'), tensor(0.0046, device='cuda:7'), tensor(0.0046, device='cuda:7'), tensor(0.0046, device='cuda:7'), tensor(0.0046, device='cuda:7'), tensor(0.0046, device='cuda:7'), tensor(0.0046, device='cuda:7'), tensor(0.0046, device='cuda:7'), tensor(0.0046, device='cuda:7'), tensor(0.0046, device='cuda:7'), tensor(0.0046, device='cuda:7'), tensor(0.0046, device='cuda:7')]"
51,"[tensor(0.0046, device='cuda:7'), tensor(0.0046, device='cuda:7'), tensor(0.0046, device='cuda:7'), tensor(0.0046, device='cuda:7'), tensor(0.0046, device='cuda:7'), tensor(0.0046, device='cuda:7'), tensor(0.0046, device='cuda:7'), tensor(0.0046, device='cuda:7'), tensor(0.0046, device='cuda:7'), tensor(0.0046, device='cuda:7'), tensor(0.0046, device='cuda:7'), tensor(0.0046, device='cuda:7'), tensor(0.0046, device='cuda:7'), tensor(0.0046, device='cuda:7'), tensor(0.0046, device='cuda:7'), tensor(0.0046, device='cuda:7'), tensor(0.0046, device='cuda:7'), tensor(0.0046, device='cuda:7'), tensor(0.0046, device='cuda:7'), tensor(0.0046, device='cuda:7')]"
52,"[tensor(0.0046, device='cuda:7'), tensor(0.0046, device='cuda:7'), tensor(0.0046, device='cuda:7'), tensor(0.0046, device='cuda:7'), tensor(0.0046, device='cuda:7'), tensor(0.0046, device='cuda:7'), tensor(0.0046, device='cuda:7'), tensor(0.0046, device='cuda:7'), tensor(0.0046, device='cuda:7'), tensor(0.0046, device='cuda:7'), tensor(0.0046, device='cuda:7'), tensor(0.0046, device='cuda:7'), tensor(0.0046, device='cuda:7'), tensor(0.0046, device='cuda:7'), tensor(0.0046, device='cuda:7'), tensor(0.0046, device='cuda:7'), tensor(0.0046, device='cuda:7'), tensor(0.0046, device='cuda:7'), tensor(0.0046, device='cuda:7'), tensor(0.0046, device='cuda:7')]"
53,"[tensor(0.0046, device='cuda:7'), tensor(0.0046, device='cuda:7'), tensor(0.0046, device='cuda:7'), tensor(0.0046, device='cuda:7'), tensor(0.0046, device='cuda:7'), tensor(0.0046, device='cuda:7'), tensor(0.0046, device='cuda:7'), tensor(0.0046, device='cuda:7'), tensor(0.0046, device='cuda:7'), tensor(0.0046, device='cuda:7'), tensor(0.0046, device='cuda:7'), tensor(0.0046, device='cuda:7'), tensor(0.0046, device='cuda:7'), tensor(0.0046, device='cuda:7'), tensor(0.0046, device='cuda:7'), tensor(0.0046, device='cuda:7'), tensor(0.0046, device='cuda:7'), tensor(0.0046, device='cuda:7'), tensor(0.0046, device='cuda:7'), tensor(0.0046, device='cuda:7')]"
54,"[tensor(0.0046, device='cuda:7'), tensor(0.0046, device='cuda:7'), tensor(0.0046, device='cuda:7'), tensor(0.0046, device='cuda:7'), tensor(0.0046, device='cuda:7'), tensor(0.0046, device='cuda:7'), tensor(0.0046, device='cuda:7'), tensor(0.0046, device='cuda:7'), tensor(0.0046, device='cuda:7'), tensor(0.0046, device='cuda:7'), tensor(0.0046, device='cuda:7'), tensor(0.0046, device='cuda:7'), tensor(0.0046, device='cuda:7'), tensor(0.0046, device='cuda:7'), tensor(0.0046, device='cuda:7'), tensor(0.0046, device='cuda:7'), tensor(0.0046, device='cuda:7'), tensor(0.0046, device='cuda:7'), tensor(0.0046, device='cuda:7'), tensor(0.0046, device='cuda:7')]"
55,"[tensor(0.0046, device='cuda:7'), tensor(0.0046, device='cuda:7'), tensor(0.0046, device='cuda:7'), tensor(0.0046, device='cuda:7'), tensor(0.0046, device='cuda:7'), tensor(0.0046, device='cuda:7'), tensor(0.0046, device='cuda:7'), tensor(0.0046, device='cuda:7'), tensor(0.0046, device='cuda:7'), tensor(0.0046, device='cuda:7'), tensor(0.0046, device='cuda:7'), tensor(0.0046, device='cuda:7'), tensor(0.0046, device='cuda:7'), tensor(0.0046, device='cuda:7'), tensor(0.0046, device='cuda:7'), tensor(0.0046, device='cuda:7'), tensor(0.0046, device='cuda:7'), tensor(0.0046, device='cuda:7'), tensor(0.0047, device='cuda:7'), tensor(0.0046, device='cuda:7')]"
56,"[tensor(0.0046, device='cuda:7'), tensor(0.0046, device='cuda:7'), tensor(0.0046, device='cuda:7'), tensor(0.0046, device='cuda:7'), tensor(0.0046, device='cuda:7'), tensor(0.0046, device='cuda:7'), tensor(0.0046, device='cuda:7'), tensor(0.0046, device='cuda:7'), tensor(0.0046, device='cuda:7'), tensor(0.0046, device='cuda:7'), tensor(0.0046, device='cuda:7'), tensor(0.0046, device='cuda:7'), tensor(0.0046, device='cuda:7'), tensor(0.0046, device='cuda:7'), tensor(0.0046, device='cuda:7'), tensor(0.0046, device='cuda:7'), tensor(0.0046, device='cuda:7'), tensor(0.0046, device='cuda:7'), tensor(0.0046, device='cuda:7'), tensor(0.0046, device='cuda:7')]"
57,"[tensor(0.0046, device='cuda:7'), tensor(0.0046, device='cuda:7'), tensor(0.0046, device='cuda:7'), tensor(0.0046, device='cuda:7'), tensor(0.0046, device='cuda:7'), tensor(0.0046, device='cuda:7'), tensor(0.0046, device='cuda:7'), tensor(0.0046, device='cuda:7'), tensor(0.0046, device='cuda:7'), tensor(0.0046, device='cuda:7'), tensor(0.0046, device='cuda:7'), tensor(0.0046, device='cuda:7'), tensor(0.0046, device='cuda:7'), tensor(0.0046, device='cuda:7'), tensor(0.0046, device='cuda:7'), tensor(0.0046, device='cuda:7'), tensor(0.0046, device='cuda:7'), tensor(0.0046, device='cuda:7'), tensor(0.0046, device='cuda:7'), tensor(0.0046, device='cuda:7')]"
58,"[tensor(0.0046, device='cuda:7'), tensor(0.0046, device='cuda:7'), tensor(0.0046, device='cuda:7'), tensor(0.0046, device='cuda:7'), tensor(0.0046, device='cuda:7'), tensor(0.0046, device='cuda:7'), tensor(0.0046, device='cuda:7'), tensor(0.0046, device='cuda:7'), tensor(0.0046, device='cuda:7'), tensor(0.0046, device='cuda:7'), tensor(0.0046, device='cuda:7'), tensor(0.0046, device='cuda:7'), tensor(0.0046, device='cuda:7'), tensor(0.0046, device='cuda:7'), tensor(0.0046, device='cuda:7'), tensor(0.0046, device='cuda:7'), tensor(0.0046, device='cuda:7'), tensor(0.0046, device='cuda:7'), tensor(0.0046, device='cuda:7'), tensor(0.0046, device='cuda:7')]"
59,"[tensor(0.0046, device='cuda:7'), tensor(0.0046, device='cuda:7'), tensor(0.0046, device='cuda:7'), tensor(0.0046, device='cuda:7'), tensor(0.0046, device='cuda:7'), tensor(0.0046, device='cuda:7'), tensor(0.0046, device='cuda:7'), tensor(0.0046, device='cuda:7'), tensor(0.0046, device='cuda:7'), tensor(0.0046, device='cuda:7'), tensor(0.0046, device='cuda:7'), tensor(0.0046, device='cuda:7'), tensor(0.0046, device='cuda:7'), tensor(0.0046, device='cuda:7'), tensor(0.0046, device='cuda:7'), tensor(0.0046, device='cuda:7'), tensor(0.0046, device='cuda:7'), tensor(0.0046, device='cuda:7'), tensor(0.0046, device='cuda:7'), tensor(0.0046, device='cuda:7')]"
60,"[tensor(0.0046, device='cuda:7'), tensor(0.0046, device='cuda:7'), tensor(0.0046, device='cuda:7'), tensor(0.0046, device='cuda:7'), tensor(0.0046, device='cuda:7'), tensor(0.0046, device='cuda:7'), tensor(0.0046, device='cuda:7'), tensor(0.0046, device='cuda:7'), tensor(0.0046, device='cuda:7'), tensor(0.0046, device='cuda:7'), tensor(0.0046, device='cuda:7'), tensor(0.0046, device='cuda:7'), tensor(0.0046, device='cuda:7'), tensor(0.0046, device='cuda:7'), tensor(0.0046, device='cuda:7'), tensor(0.0046, device='cuda:7'), tensor(0.0046, device='cuda:7'), tensor(0.0046, device='cuda:7'), tensor(0.0046, device='cuda:7'), tensor(0.0046, device='cuda:7')]"
61,"[tensor(0.0046, device='cuda:7'), tensor(0.0046, device='cuda:7'), tensor(0.0046, device='cuda:7'), tensor(0.0046, device='cuda:7'), tensor(0.0046, device='cuda:7'), tensor(0.0046, device='cuda:7'), tensor(0.0046, device='cuda:7'), tensor(0.0046, device='cuda:7'), tensor(0.0046, device='cuda:7'), tensor(0.0046, device='cuda:7'), tensor(0.0046, device='cuda:7'), tensor(0.0046, device='cuda:7'), tensor(0.0046, device='cuda:7'), tensor(0.0046, device='cuda:7'), tensor(0.0046, device='cuda:7'), tensor(0.0046, device='cuda:7'), tensor(0.0046, device='cuda:7'), tensor(0.0046, device='cuda:7'), tensor(0.0046, device='cuda:7'), tensor(0.0046, device='cuda:7')]"
62,"[tensor(0.0046, device='cuda:7'), tensor(0.0046, device='cuda:7'), tensor(0.0046, device='cuda:7'), tensor(0.0046, device='cuda:7'), tensor(0.0046, device='cuda:7'), tensor(0.0046, device='cuda:7'), tensor(0.0046, device='cuda:7'), tensor(0.0046, device='cuda:7'), tensor(0.0046, device='cuda:7'), tensor(0.0046, device='cuda:7'), tensor(0.0046, device='cuda:7'), tensor(0.0046, device='cuda:7'), tensor(0.0046, device='cuda:7'), tensor(0.0046, device='cuda:7'), tensor(0.0046, device='cuda:7'), tensor(0.0046, device='cuda:7'), tensor(0.0046, device='cuda:7'), tensor(0.0046, device='cuda:7'), tensor(0.0046, device='cuda:7'), tensor(0.0046, device='cuda:7')]"
63,"[tensor(0.0046, device='cuda:7'), tensor(0.0046, device='cuda:7'), tensor(0.0046, device='cuda:7'), tensor(0.0046, device='cuda:7'), tensor(0.0046, device='cuda:7'), tensor(0.0046, device='cuda:7'), tensor(0.0046, device='cuda:7'), tensor(0.0046, device='cuda:7'), tensor(0.0046, device='cuda:7'), tensor(0.0046, device='cuda:7'), tensor(0.0046, device='cuda:7'), tensor(0.0046, device='cuda:7'), tensor(0.0046, device='cuda:7'), tensor(0.0046, device='cuda:7'), tensor(0.0046, device='cuda:7'), tensor(0.0046, device='cuda:7'), tensor(0.0046, device='cuda:7'), tensor(0.0046, device='cuda:7'), tensor(0.0046, device='cuda:7'), tensor(0.0046, device='cuda:7')]"
64,"[tensor(0.0047, device='cuda:7'), tensor(0.0047, device='cuda:7'), tensor(0.0046, device='cuda:7'), tensor(0.0046, device='cuda:7'), tensor(0.0046, device='cuda:7'), tensor(0.0046, device='cuda:7'), tensor(0.0046, device='cuda:7'), tensor(0.0046, device='cuda:7'), tensor(0.0047, device='cuda:7'), tensor(0.0047, device='cuda:7'), tensor(0.0046, device='cuda:7'), tensor(0.0046, device='cuda:7'), tensor(0.0046, device='cuda:7'), tensor(0.0046, device='cuda:7'), tensor(0.0046, device='cuda:7'), tensor(0.0046, device='cuda:7'), tensor(0.0046, device='cuda:7'), tensor(0.0046, device='cuda:7'), tensor(0.0046, device='cuda:7'), tensor(0.0046, device='cuda:7')]"
65,"[tensor(0.0046, device='cuda:7'), tensor(0.0046, device='cuda:7'), tensor(0.0046, device='cuda:7'), tensor(0.0047, device='cuda:7'), tensor(0.0046, device='cuda:7'), tensor(0.0047, device='cuda:7'), tensor(0.0046, device='cuda:7'), tensor(0.0046, device='cuda:7'), tensor(0.0046, device='cuda:7'), tensor(0.0046, device='cuda:7'), tensor(0.0046, device='cuda:7'), tensor(0.0046, device='cuda:7'), tensor(0.0046, device='cuda:7'), tensor(0.0046, device='cuda:7'), tensor(0.0046, device='cuda:7'), tensor(0.0046, device='cuda:7'), tensor(0.0046, device='cuda:7'), tensor(0.0046, device='cuda:7'), tensor(0.0047, device='cuda:7'), tensor(0.0046, device='cuda:7')]"
66,"[tensor(0.0046, device='cuda:7'), tensor(0.0046, device='cuda:7'), tensor(0.0046, device='cuda:7'), tensor(0.0046, device='cuda:7'), tensor(0.0046, device='cuda:7'), tensor(0.0046, device='cuda:7'), tensor(0.0046, device='cuda:7'), tensor(0.0046, device='cuda:7'), tensor(0.0046, device='cuda:7'), tensor(0.0046, device='cuda:7'), tensor(0.0046, device='cuda:7'), tensor(0.0046, device='cuda:7'), tensor(0.0046, device='cuda:7'), tensor(0.0046, device='cuda:7'), tensor(0.0046, device='cuda:7'), tensor(0.0046, device='cuda:7'), tensor(0.0046, device='cuda:7'), tensor(0.0046, device='cuda:7'), tensor(0.0046, device='cuda:7'), tensor(0.0046, device='cuda:7')]"
67,"[tensor(0.0046, device='cuda:7'), tensor(0.0046, device='cuda:7'), tensor(0.0046, device='cuda:7'), tensor(0.0046, device='cuda:7'), tensor(0.0046, device='cuda:7'), tensor(0.0046, device='cuda:7'), tensor(0.0046, device='cuda:7'), tensor(0.0046, device='cuda:7'), tensor(0.0046, device='cuda:7'), tensor(0.0046, device='cuda:7'), tensor(0.0046, device='cuda:7'), tensor(0.0046, device='cuda:7'), tensor(0.0046, device='cuda:7'), tensor(0.0046, device='cuda:7'), tensor(0.0046, device='cuda:7'), tensor(0.0046, device='cuda:7'), tensor(0.0046, device='cuda:7'), tensor(0.0046, device='cuda:7'), tensor(0.0046, device='cuda:7'), tensor(0.0046, device='cuda:7')]"
68,"[tensor(0.0046, device='cuda:7'), tensor(0.0046, device='cuda:7'), tensor(0.0046, device='cuda:7'), tensor(0.0046, device='cuda:7'), tensor(0.0046, device='cuda:7'), tensor(0.0046, device='cuda:7'), tensor(0.0046, device='cuda:7'), tensor(0.0046, device='cuda:7'), tensor(0.0046, device='cuda:7'), tensor(0.0046, device='cuda:7'), tensor(0.0046, device='cuda:7'), tensor(0.0046, device='cuda:7'), tensor(0.0046, device='cuda:7'), tensor(0.0046, device='cuda:7'), tensor(0.0046, device='cuda:7'), tensor(0.0046, device='cuda:7'), tensor(0.0046, device='cuda:7'), tensor(0.0046, device='cuda:7'), tensor(0.0046, device='cuda:7'), tensor(0.0046, device='cuda:7')]"
69,"[tensor(0.0046, device='cuda:7'), tensor(0.0046, device='cuda:7'), tensor(0.0046, device='cuda:7'), tensor(0.0046, device='cuda:7'), tensor(0.0046, device='cuda:7'), tensor(0.0046, device='cuda:7'), tensor(0.0046, device='cuda:7'), tensor(0.0046, device='cuda:7'), tensor(0.0046, device='cuda:7'), tensor(0.0046, device='cuda:7'), tensor(0.0046, device='cuda:7'), tensor(0.0046, device='cuda:7'), tensor(0.0046, device='cuda:7'), tensor(0.0046, device='cuda:7'), tensor(0.0046, device='cuda:7'), tensor(0.0046, device='cuda:7'), tensor(0.0046, device='cuda:7'), tensor(0.0046, device='cuda:7'), tensor(0.0046, device='cuda:7'), tensor(0.0046, device='cuda:7')]"
70,"[tensor(0.0046, device='cuda:7'), tensor(0.0046, device='cuda:7'), tensor(0.0046, device='cuda:7'), tensor(0.0046, device='cuda:7'), tensor(0.0046, device='cuda:7'), tensor(0.0046, device='cuda:7'), tensor(0.0046, device='cuda:7'), tensor(0.0046, device='cuda:7'), tensor(0.0046, device='cuda:7'), tensor(0.0046, device='cuda:7'), tensor(0.0046, device='cuda:7'), tensor(0.0046, device='cuda:7'), tensor(0.0046, device='cuda:7'), tensor(0.0046, device='cuda:7'), tensor(0.0046, device='cuda:7'), tensor(0.0046, device='cuda:7'), tensor(0.0046, device='cuda:7'), tensor(0.0046, device='cuda:7'), tensor(0.0046, device='cuda:7'), tensor(0.0046, device='cuda:7')]"
71,"[tensor(0.0046, device='cuda:7'), tensor(0.0046, device='cuda:7'), tensor(0.0045, device='cuda:7'), tensor(0.0046, device='cuda:7'), tensor(0.0046, device='cuda:7'), tensor(0.0046, device='cuda:7'), tensor(0.0045, device='cuda:7'), tensor(0.0045, device='cuda:7'), tensor(0.0046, device='cuda:7'), tensor(0.0046, device='cuda:7'), tensor(0.0046, device='cuda:7'), tensor(0.0046, device='cuda:7'), tensor(0.0046, device='cuda:7'), tensor(0.0046, device='cuda:7'), tensor(0.0046, device='cuda:7'), tensor(0.0046, device='cuda:7'), tensor(0.0046, device='cuda:7'), tensor(0.0046, device='cuda:7'), tensor(0.0046, device='cuda:7'), tensor(0.0046, device='cuda:7')]"
72,"[tensor(0.0046, device='cuda:7'), tensor(0.0046, device='cuda:7'), tensor(0.0046, device='cuda:7'), tensor(0.0046, device='cuda:7'), tensor(0.0046, device='cuda:7'), tensor(0.0046, device='cuda:7'), tensor(0.0046, device='cuda:7'), tensor(0.0046, device='cuda:7'), tensor(0.0046, device='cuda:7'), tensor(0.0046, device='cuda:7'), tensor(0.0046, device='cuda:7'), tensor(0.0046, device='cuda:7'), tensor(0.0046, device='cuda:7'), tensor(0.0046, device='cuda:7'), tensor(0.0046, device='cuda:7'), tensor(0.0046, device='cuda:7'), tensor(0.0046, device='cuda:7'), tensor(0.0046, device='cuda:7'), tensor(0.0046, device='cuda:7'), tensor(0.0046, device='cuda:7')]"
73,"[tensor(0.0046, device='cuda:7'), tensor(0.0046, device='cuda:7'), tensor(0.0046, device='cuda:7'), tensor(0.0046, device='cuda:7'), tensor(0.0046, device='cuda:7'), tensor(0.0046, device='cuda:7'), tensor(0.0045, device='cuda:7'), tensor(0.0045, device='cuda:7'), tensor(0.0046, device='cuda:7'), tensor(0.0046, device='cuda:7'), tensor(0.0046, device='cuda:7'), tensor(0.0045, device='cuda:7'), tensor(0.0046, device='cuda:7'), tensor(0.0046, device='cuda:7'), tensor(0.0045, device='cuda:7'), tensor(0.0046, device='cuda:7'), tensor(0.0046, device='cuda:7'), tensor(0.0046, device='cuda:7'), tensor(0.0046, device='cuda:7'), tensor(0.0046, device='cuda:7')]"
74,"[tensor(0.0046, device='cuda:7'), tensor(0.0046, device='cuda:7'), tensor(0.0046, device='cuda:7'), tensor(0.0046, device='cuda:7'), tensor(0.0046, device='cuda:7'), tensor(0.0046, device='cuda:7'), tensor(0.0046, device='cuda:7'), tensor(0.0046, device='cuda:7'), tensor(0.0046, device='cuda:7'), tensor(0.0046, device='cuda:7'), tensor(0.0046, device='cuda:7'), tensor(0.0046, device='cuda:7'), tensor(0.0046, device='cuda:7'), tensor(0.0046, device='cuda:7'), tensor(0.0045, device='cuda:7'), tensor(0.0046, device='cuda:7'), tensor(0.0046, device='cuda:7'), tensor(0.0046, device='cuda:7'), tensor(0.0046, device='cuda:7'), tensor(0.0046, device='cuda:7')]"
75,"[tensor(0.0046, device='cuda:7'), tensor(0.0046, device='cuda:7'), tensor(0.0046, device='cuda:7'), tensor(0.0047, device='cuda:7'), tensor(0.0046, device='cuda:7'), tensor(0.0046, device='cuda:7'), tensor(0.0046, device='cuda:7'), tensor(0.0046, device='cuda:7'), tensor(0.0046, device='cuda:7'), tensor(0.0046, device='cuda:7'), tensor(0.0047, device='cuda:7'), tensor(0.0045, device='cuda:7'), tensor(0.0046, device='cuda:7'), tensor(0.0046, device='cuda:7'), tensor(0.0046, device='cuda:7'), tensor(0.0046, device='cuda:7'), tensor(0.0046, device='cuda:7'), tensor(0.0046, device='cuda:7'), tensor(0.0047, device='cuda:7'), tensor(0.0046, device='cuda:7')]"
76,"[tensor(0.0046, device='cuda:7'), tensor(0.0046, device='cuda:7'), tensor(0.0046, device='cuda:7'), tensor(0.0046, device='cuda:7'), tensor(0.0046, device='cuda:7'), tensor(0.0046, device='cuda:7'), tensor(0.0046, device='cuda:7'), tensor(0.0046, device='cuda:7'), tensor(0.0046, device='cuda:7'), tensor(0.0046, device='cuda:7'), tensor(0.0046, device='cuda:7'), tensor(0.0046, device='cuda:7'), tensor(0.0045, device='cuda:7'), tensor(0.0046, device='cuda:7'), tensor(0.0046, device='cuda:7'), tensor(0.0046, device='cuda:7'), tensor(0.0046, device='cuda:7'), tensor(0.0046, device='cuda:7'), tensor(0.0046, device='cuda:7'), tensor(0.0046, device='cuda:7')]"
77,"[tensor(0.0046, device='cuda:7'), tensor(0.0046, device='cuda:7'), tensor(0.0045, device='cuda:7'), tensor(0.0046, device='cuda:7'), tensor(0.0046, device='cuda:7'), tensor(0.0046, device='cuda:7'), tensor(0.0045, device='cuda:7'), tensor(0.0045, device='cuda:7'), tensor(0.0046, device='cuda:7'), tensor(0.0046, device='cuda:7'), tensor(0.0046, device='cuda:7'), tensor(0.0046, device='cuda:7'), tensor(0.0046, device='cuda:7'), tensor(0.0046, device='cuda:7'), tensor(0.0046, device='cuda:7'), tensor(0.0046, device='cuda:7'), tensor(0.0046, device='cuda:7'), tensor(0.0046, device='cuda:7'), tensor(0.0046, device='cuda:7'), tensor(0.0046, device='cuda:7')]"
78,"[tensor(0.0046, device='cuda:7'), tensor(0.0046, device='cuda:7'), tensor(0.0046, device='cuda:7'), tensor(0.0046, device='cuda:7'), tensor(0.0046, device='cuda:7'), tensor(0.0046, device='cuda:7'), tensor(0.0046, device='cuda:7'), tensor(0.0046, device='cuda:7'), tensor(0.0046, device='cuda:7'), tensor(0.0046, device='cuda:7'), tensor(0.0046, device='cuda:7'), tensor(0.0046, device='cuda:7'), tensor(0.0045, device='cuda:7'), tensor(0.0046, device='cuda:7'), tensor(0.0046, device='cuda:7'), tensor(0.0046, device='cuda:7'), tensor(0.0046, device='cuda:7'), tensor(0.0046, device='cuda:7'), tensor(0.0046, device='cuda:7'), tensor(0.0046, device='cuda:7')]"
79,"[tensor(0.0046, device='cuda:7'), tensor(0.0046, device='cuda:7'), tensor(0.0045, device='cuda:7'), tensor(0.0046, device='cuda:7'), tensor(0.0046, device='cuda:7'), tensor(0.0046, device='cuda:7'), tensor(0.0045, device='cuda:7'), tensor(0.0045, device='cuda:7'), tensor(0.0046, device='cuda:7'), tensor(0.0046, device='cuda:7'), tensor(0.0046, device='cuda:7'), tensor(0.0046, device='cuda:7'), tensor(0.0046, device='cuda:7'), tensor(0.0046, device='cuda:7'), tensor(0.0045, device='cuda:7'), tensor(0.0045, device='cuda:7'), tensor(0.0046, device='cuda:7'), tensor(0.0046, device='cuda:7'), tensor(0.0046, device='cuda:7'), tensor(0.0046, device='cuda:7')]"
80,"[tensor(0.0045, device='cuda:7'), tensor(0.0045, device='cuda:7'), tensor(0.0046, device='cuda:7'), tensor(0.0046, device='cuda:7'), tensor(0.0046, device='cuda:7'), tensor(0.0046, device='cuda:7'), tensor(0.0046, device='cuda:7'), tensor(0.0046, device='cuda:7'), tensor(0.0046, device='cuda:7'), tensor(0.0046, device='cuda:7'), tensor(0.0046, device='cuda:7'), tensor(0.0046, device='cuda:7'), tensor(0.0045, device='cuda:7'), tensor(0.0045, device='cuda:7'), tensor(0.0046, device='cuda:7'), tensor(0.0046, device='cuda:7'), tensor(0.0046, device='cuda:7'), tensor(0.0046, device='cuda:7'), tensor(0.0046, device='cuda:7'), tensor(0.0046, device='cuda:7')]"
81,"[tensor(0.0046, device='cuda:7'), tensor(0.0046, device='cuda:7'), tensor(0.0045, device='cuda:7'), tensor(0.0046, device='cuda:7'), tensor(0.0046, device='cuda:7'), tensor(0.0045, device='cuda:7'), tensor(0.0045, device='cuda:7'), tensor(0.0045, device='cuda:7'), tensor(0.0046, device='cuda:7'), tensor(0.0046, device='cuda:7'), tensor(0.0046, device='cuda:7'), tensor(0.0045, device='cuda:7'), tensor(0.0046, device='cuda:7'), tensor(0.0046, device='cuda:7'), tensor(0.0045, device='cuda:7'), tensor(0.0045, device='cuda:7'), tensor(0.0045, device='cuda:7'), tensor(0.0046, device='cuda:7'), tensor(0.0046, device='cuda:7'), tensor(0.0046, device='cuda:7')]"
82,"[tensor(0.0045, device='cuda:7'), tensor(0.0045, device='cuda:7'), tensor(0.0046, device='cuda:7'), tensor(0.0046, device='cuda:7'), tensor(0.0046, device='cuda:7'), tensor(0.0046, device='cuda:7'), tensor(0.0045, device='cuda:7'), tensor(0.0045, device='cuda:7'), tensor(0.0045, device='cuda:7'), tensor(0.0046, device='cuda:7'), tensor(0.0046, device='cuda:7'), tensor(0.0045, device='cuda:7'), tensor(0.0045, device='cuda:7'), tensor(0.0045, device='cuda:7'), tensor(0.0045, device='cuda:7'), tensor(0.0046, device='cuda:7'), tensor(0.0045, device='cuda:7'), tensor(0.0045, device='cuda:7'), tensor(0.0046, device='cuda:7'), tensor(0.0046, device='cuda:7')]"
83,"[tensor(0.0046, device='cuda:7'), tensor(0.0046, device='cuda:7'), tensor(0.0045, device='cuda:7'), tensor(0.0045, device='cuda:7'), tensor(0.0045, device='cuda:7'), tensor(0.0045, device='cuda:7'), tensor(0.0045, device='cuda:7'), tensor(0.0045, device='cuda:7'), tensor(0.0046, device='cuda:7'), tensor(0.0046, device='cuda:7'), tensor(0.0045, device='cuda:7'), tensor(0.0045, device='cuda:7'), tensor(0.0045, device='cuda:7'), tensor(0.0046, device='cuda:7'), tensor(0.0045, device='cuda:7'), tensor(0.0045, device='cuda:7'), tensor(0.0045, device='cuda:7'), tensor(0.0046, device='cuda:7'), tensor(0.0046, device='cuda:7'), tensor(0.0046, device='cuda:7')]"
84,"[tensor(0.0045, device='cuda:7'), tensor(0.0045, device='cuda:7'), tensor(0.0045, device='cuda:7'), tensor(0.0046, device='cuda:7'), tensor(0.0045, device='cuda:7'), tensor(0.0046, device='cuda:7'), tensor(0.0045, device='cuda:7'), tensor(0.0045, device='cuda:7'), tensor(0.0045, device='cuda:7'), tensor(0.0045, device='cuda:7'), tensor(0.0046, device='cuda:7'), tensor(0.0045, device='cuda:7'), tensor(0.0045, device='cuda:7'), tensor(0.0045, device='cuda:7'), tensor(0.0045, device='cuda:7'), tensor(0.0045, device='cuda:7'), tensor(0.0045, device='cuda:7'), tensor(0.0045, device='cuda:7'), tensor(0.0046, device='cuda:7'), tensor(0.0046, device='cuda:7')]"
85,"[tensor(0.0045, device='cuda:7'), tensor(0.0045, device='cuda:7'), tensor(0.0045, device='cuda:7'), tensor(0.0045, device='cuda:7'), tensor(0.0045, device='cuda:7'), tensor(0.0045, device='cuda:7'), tensor(0.0045, device='cuda:7'), tensor(0.0045, device='cuda:7'), tensor(0.0046, device='cuda:7'), tensor(0.0046, device='cuda:7'), tensor(0.0045, device='cuda:7'), tensor(0.0045, device='cuda:7'), tensor(0.0045, device='cuda:7'), tensor(0.0046, device='cuda:7'), tensor(0.0045, device='cuda:7'), tensor(0.0045, device='cuda:7'), tensor(0.0045, device='cuda:7'), tensor(0.0045, device='cuda:7'), tensor(0.0045, device='cuda:7'), tensor(0.0045, device='cuda:7')]"
86,"[tensor(0.0045, device='cuda:7'), tensor(0.0045, device='cuda:7'), tensor(0.0045, device='cuda:7'), tensor(0.0045, device='cuda:7'), tensor(0.0045, device='cuda:7'), tensor(0.0045, device='cuda:7'), tensor(0.0045, device='cuda:7'), tensor(0.0045, device='cuda:7'), tensor(0.0045, device='cuda:7'), tensor(0.0045, device='cuda:7'), tensor(0.0046, device='cuda:7'), tensor(0.0045, device='cuda:7'), tensor(0.0045, device='cuda:7'), tensor(0.0045, device='cuda:7'), tensor(0.0045, device='cuda:7'), tensor(0.0045, device='cuda:7'), tensor(0.0045, device='cuda:7'), tensor(0.0045, device='cuda:7'), tensor(0.0046, device='cuda:7'), tensor(0.0046, device='cuda:7')]"
87,"[tensor(0.0045, device='cuda:7'), tensor(0.0045, device='cuda:7'), tensor(0.0045, device='cuda:7'), tensor(0.0045, device='cuda:7'), tensor(0.0045, device='cuda:7'), tensor(0.0045, device='cuda:7'), tensor(0.0045, device='cuda:7'), tensor(0.0045, device='cuda:7'), tensor(0.0045, device='cuda:7'), tensor(0.0046, device='cuda:7'), tensor(0.0045, device='cuda:7'), tensor(0.0045, device='cuda:7'), tensor(0.0045, device='cuda:7'), tensor(0.0046, device='cuda:7'), tensor(0.0045, device='cuda:7'), tensor(0.0045, device='cuda:7'), tensor(0.0045, device='cuda:7'), tensor(0.0045, device='cuda:7'), tensor(0.0045, device='cuda:7'), tensor(0.0045, device='cuda:7')]"
88,"[tensor(0.0045, device='cuda:7'), tensor(0.0045, device='cuda:7'), tensor(0.0045, device='cuda:7'), tensor(0.0045, device='cuda:7'), tensor(0.0045, device='cuda:7'), tensor(0.0045, device='cuda:7'), tensor(0.0045, device='cuda:7'), tensor(0.0045, device='cuda:7'), tensor(0.0045, device='cuda:7'), tensor(0.0045, device='cuda:7'), tensor(0.0046, device='cuda:7'), tensor(0.0045, device='cuda:7'), tensor(0.0045, device='cuda:7'), tensor(0.0045, device='cuda:7'), tensor(0.0045, device='cuda:7'), tensor(0.0045, device='cuda:7'), tensor(0.0045, device='cuda:7'), tensor(0.0045, device='cuda:7'), tensor(0.0046, device='cuda:7'), tensor(0.0046, device='cuda:7')]"
89,"[tensor(0.0045, device='cuda:7'), tensor(0.0045, device='cuda:7'), tensor(0.0045, device='cuda:7'), tensor(0.0045, device='cuda:7'), tensor(0.0045, device='cuda:7'), tensor(0.0045, device='cuda:7'), tensor(0.0045, device='cuda:7'), tensor(0.0045, device='cuda:7'), tensor(0.0045, device='cuda:7'), tensor(0.0046, device='cuda:7'), tensor(0.0045, device='cuda:7'), tensor(0.0045, device='cuda:7'), tensor(0.0045, device='cuda:7'), tensor(0.0046, device='cuda:7'), tensor(0.0045, device='cuda:7'), tensor(0.0045, device='cuda:7'), tensor(0.0045, device='cuda:7'), tensor(0.0045, device='cuda:7'), tensor(0.0045, device='cuda:7'), tensor(0.0045, device='cuda:7')]"
90,"[tensor(0.0045, device='cuda:7'), tensor(0.0045, device='cuda:7'), tensor(0.0045, device='cuda:7'), tensor(0.0045, device='cuda:7'), tensor(0.0045, device='cuda:7'), tensor(0.0045, device='cuda:7'), tensor(0.0045, device='cuda:7'), tensor(0.0045, device='cuda:7'), tensor(0.0045, device='cuda:7'), tensor(0.0045, device='cuda:7'), tensor(0.0046, device='cuda:7'), tensor(0.0045, device='cuda:7'), tensor(0.0045, device='cuda:7'), tensor(0.0045, device='cuda:7'), tensor(0.0045, device='cuda:7'), tensor(0.0045, device='cuda:7'), tensor(0.0045, device='cuda:7'), tensor(0.0045, device='cuda:7'), tensor(0.0046, device='cuda:7'), tensor(0.0046, device='cuda:7')]"
91,"[tensor(0.0045, device='cuda:7'), tensor(0.0045, device='cuda:7'), tensor(0.0045, device='cuda:7'), tensor(0.0045, device='cuda:7'), tensor(0.0045, device='cuda:7'), tensor(0.0045, device='cuda:7'), tensor(0.0045, device='cuda:7'), tensor(0.0045, device='cuda:7'), tensor(0.0045, device='cuda:7'), tensor(0.0046, device='cuda:7'), tensor(0.0045, device='cuda:7'), tensor(0.0045, device='cuda:7'), tensor(0.0045, device='cuda:7'), tensor(0.0045, device='cuda:7'), tensor(0.0045, device='cuda:7'), tensor(0.0045, device='cuda:7'), tensor(0.0045, device='cuda:7'), tensor(0.0045, device='cuda:7'), tensor(0.0045, device='cuda:7'), tensor(0.0045, device='cuda:7')]"
92,"[tensor(0.0045, device='cuda:7'), tensor(0.0045, device='cuda:7'), tensor(0.0045, device='cuda:7'), tensor(0.0045, device='cuda:7'), tensor(0.0045, device='cuda:7'), tensor(0.0045, device='cuda:7'), tensor(0.0045, device='cuda:7'), tensor(0.0045, device='cuda:7'), tensor(0.0045, device='cuda:7'), tensor(0.0045, device='cuda:7'), tensor(0.0045, device='cuda:7'), tensor(0.0045, device='cuda:7'), tensor(0.0045, device='cuda:7'), tensor(0.0045, device='cuda:7'), tensor(0.0045, device='cuda:7'), tensor(0.0045, device='cuda:7'), tensor(0.0045, device='cuda:7'), tensor(0.0045, device='cuda:7'), tensor(0.0046, device='cuda:7'), tensor(0.0046, device='cuda:7')]"
93,"[tensor(0.0045, device='cuda:7'), tensor(0.0045, device='cuda:7'), tensor(0.0045, device='cuda:7'), tensor(0.0045, device='cuda:7'), tensor(0.0045, device='cuda:7'), tensor(0.0045, device='cuda:7'), tensor(0.0045, device='cuda:7'), tensor(0.0045, device='cuda:7'), tensor(0.0045, device='cuda:7'), tensor(0.0046, device='cuda:7'), tensor(0.0045, device='cuda:7'), tensor(0.0045, device='cuda:7'), tensor(0.0045, device='cuda:7'), tensor(0.0045, device='cuda:7'), tensor(0.0045, device='cuda:7'), tensor(0.0045, device='cuda:7'), tensor(0.0045, device='cuda:7'), tensor(0.0045, device='cuda:7'), tensor(0.0045, device='cuda:7'), tensor(0.0045, device='cuda:7')]"
94,"[tensor(0.0045, device='cuda:7'), tensor(0.0045, device='cuda:7'), tensor(0.0045, device='cuda:7'), tensor(0.0045, device='cuda:7'), tensor(0.0045, device='cuda:7'), tensor(0.0045, device='cuda:7'), tensor(0.0045, device='cuda:7'), tensor(0.0045, device='cuda:7'), tensor(0.0045, device='cuda:7'), tensor(0.0045, device='cuda:7'), tensor(0.0045, device='cuda:7'), tensor(0.0045, device='cuda:7'), tensor(0.0045, device='cuda:7'), tensor(0.0045, device='cuda:7'), tensor(0.0045, device='cuda:7'), tensor(0.0045, device='cuda:7'), tensor(0.0045, device='cuda:7'), tensor(0.0045, device='cuda:7'), tensor(0.0046, device='cuda:7'), tensor(0.0046, device='cuda:7')]"
95,"[tensor(0.0045, device='cuda:7'), tensor(0.0045, device='cuda:7'), tensor(0.0045, device='cuda:7'), tensor(0.0045, device='cuda:7'), tensor(0.0045, device='cuda:7'), tensor(0.0045, device='cuda:7'), tensor(0.0045, device='cuda:7'), tensor(0.0045, device='cuda:7'), tensor(0.0045, device='cuda:7'), tensor(0.0046, device='cuda:7'), tensor(0.0045, device='cuda:7'), tensor(0.0045, device='cuda:7'), tensor(0.0045, device='cuda:7'), tensor(0.0045, device='cuda:7'), tensor(0.0045, device='cuda:7'), tensor(0.0045, device='cuda:7'), tensor(0.0045, device='cuda:7'), tensor(0.0045, device='cuda:7'), tensor(0.0045, device='cuda:7'), tensor(0.0045, device='cuda:7')]"
96,"[tensor(0.0045, device='cuda:7'), tensor(0.0045, device='cuda:7'), tensor(0.0045, device='cuda:7'), tensor(0.0045, device='cuda:7'), tensor(0.0045, device='cuda:7'), tensor(0.0045, device='cuda:7'), tensor(0.0045, device='cuda:7'), tensor(0.0045, device='cuda:7'), tensor(0.0045, device='cuda:7'), tensor(0.0045, device='cuda:7'), tensor(0.0045, device='cuda:7'), tensor(0.0045, device='cuda:7'), tensor(0.0045, device='cuda:7'), tensor(0.0045, device='cuda:7'), tensor(0.0045, device='cuda:7'), tensor(0.0045, device='cuda:7'), tensor(0.0045, device='cuda:7'), tensor(0.0045, device='cuda:7'), tensor(0.0046, device='cuda:7'), tensor(0.0046, device='cuda:7')]"
97,"[tensor(0.0045, device='cuda:7'), tensor(0.0045, device='cuda:7'), tensor(0.0045, device='cuda:7'), tensor(0.0045, device='cuda:7'), tensor(0.0045, device='cuda:7'), tensor(0.0045, device='cuda:7'), tensor(0.0045, device='cuda:7'), tensor(0.0045, device='cuda:7'), tensor(0.0045, device='cuda:7'), tensor(0.0045, device='cuda:7'), tensor(0.0045, device='cuda:7'), tensor(0.0045, device='cuda:7'), tensor(0.0045, device='cuda:7'), tensor(0.0045, device='cuda:7'), tensor(0.0045, device='cuda:7'), tensor(0.0045, device='cuda:7'), tensor(0.0045, device='cuda:7'), tensor(0.0045, device='cuda:7'), tensor(0.0045, device='cuda:7'), tensor(0.0045, device='cuda:7')]"
98,"[tensor(0.0045, device='cuda:7'), tensor(0.0045, device='cuda:7'), tensor(0.0045, device='cuda:7'), tensor(0.0045, device='cuda:7'), tensor(0.0045, device='cuda:7'), tensor(0.0045, device='cuda:7'), tensor(0.0045, device='cuda:7'), tensor(0.0045, device='cuda:7'), tensor(0.0045, device='cuda:7'), tensor(0.0045, device='cuda:7'), tensor(0.0045, device='cuda:7'), tensor(0.0045, device='cuda:7'), tensor(0.0045, device='cuda:7'), tensor(0.0045, device='cuda:7'), tensor(0.0045, device='cuda:7'), tensor(0.0045, device='cuda:7'), tensor(0.0045, device='cuda:7'), tensor(0.0045, device='cuda:7'), tensor(0.0045, device='cuda:7'), tensor(0.0045, device='cuda:7')]"
99,"[tensor(0.0045, device='cuda:7'), tensor(0.0045, device='cuda:7'), tensor(0.0045, device='cuda:7'), tensor(0.0045, device='cuda:7'), tensor(0.0045, device='cuda:7'), tensor(0.0045, device='cuda:7'), tensor(0.0045, device='cuda:7'), tensor(0.0045, device='cuda:7'), tensor(0.0045, device='cuda:7'), tensor(0.0045, device='cuda:7'), tensor(0.0045, device='cuda:7'), tensor(0.0045, device='cuda:7'), tensor(0.0045, device='cuda:7'), tensor(0.0045, device='cuda:7'), tensor(0.0045, device='cuda:7'), tensor(0.0045, device='cuda:7'), tensor(0.0045, device='cuda:7'), tensor(0.0045, device='cuda:7'), tensor(0.0045, device='cuda:7'), tensor(0.0045, device='cuda:7')]"
